         Index            Ts             t             f             F             x         Phase            F0            x0            Tr            M'            M"            M*     tan_delta            C'            C"            C*
           [#]          [°C]           [s]          [Hz]           [N]          [um]         [rad]           [N]          [um]          [°C]         [MPa]         [MPa]         [MPa]            []       [1/MPa]       [1/MPa]       [1/MPa]
             0  2,24107e+001  2,30000e+001  9,99999e-001  1,23500e+000  1,57054e+002  2,50670e-001  1,25500e+000  6,87634e+002  2,50000e+001  3,29412e+004  8,45455e+003  3,40088e+004  2,56656e-001  2,84810e-005  7,30983e-006  2,94041e-005
             1  2,24029e+001  4,30000e+001  6,00000e+000  4,35881e-001  1,01856e+001  1,28791e+000  1,48938e+000  7,56418e+002  2,50000e+001  4,89432e+004  1,78810e+005  1,85387e+005  3,65341e+000  1,42408e-006  5,20275e-006  5,39412e-006
             2  2,24129e+001  6,10000e+001  1,10000e+001  3,06362e-001  7,89057e+000  1,35580e+000  1,47594e+000  8,32676e+002  2,50000e+001  3,36714e+004  1,64533e+005  1,67943e+005  4,88641e+000  1,19382e-006  5,83351e-006  5,95441e-006
             3  2,24466e+001  8,60000e+001  1,60000e+001  1,48257e+000  3,11690e+001  1,37307e+000  1,54136e+000  8,95072e+002  2,50000e+001  3,72899e+004  2,02410e+005  2,05816e+005  5,42799e+000  8,80307e-007  4,77830e-006  4,85871e-006
             4  2,24463e+001  9,10000e+001  2,10000e+001  1,07148e+000  2,78102e+001  1,26723e+000  1,70433e+000  9,51218e+002  2,50000e+001  4,82552e+004  1,59731e+005  1,66861e+005  3,31013e+000  1,73314e-006  5,73694e-006  5,99301e-006
             5  2,24479e+001  1,09000e+002  2,60000e+001  7,58579e-001  3,95200e+001  1,29088e+000  1,79439e+000  9,99045e+002  2,50000e+001  2,28051e+004  7,97126e+004  8,29106e+004  3,49539e+000  3,31750e-006  1,15960e-005  1,20612e-005
             6  2,24368e+001  1,13000e+002  3,10000e+001  2,60419e-001  1,75066e+001  1,12684e+000  1,85615e+000  1,04061e+003  2,50000e+001  2,77263e+004  5,79870e+004  6,42747e+004  2,09141e+000  6,71138e-006  1,40362e-005  1,55582e-005
             7  2,24411e+001  1,34000e+002  3,60000e+001  3,95123e-001  3,29589e+001  9,54075e-001  1,93418e+000  1,07638e+003  2,50000e+001  3,01649e+004  4,21154e+004  5,18038e+004  1,39617e+000  1,12403e-005  1,56934e-005  1,93036e-005
             8  2,24329e+001  1,48000e+002  4,10000e+001  1,18271e+000  1,17961e+002  7,98086e-001  2,06317e+000  1,11162e+003  2,50000e+001  3,04608e+004  3,08003e+004  4,33188e+004  1,01114e+000  1,62326e-005  1,64135e-005  2,30847e-005
             9  2,24370e+001  1,51000e+002  4,60000e+001  1,11788e+000  1,28385e+002  6,99599e-001  2,21528e+000  1,14789e+003  2,50000e+001  2,89908e+004  2,39545e+004  3,76069e+004  8,26278e-001  2,04986e-005  1,69375e-005  2,65908e-005
            10  2,24831e+001  1,61000e+002  5,10000e+001  1,01781e+000  1,28646e+002  6,59895e-001  2,34355e+000  1,17725e+003  2,50000e+001  2,72064e+004  2,06526e+004  3,41573e+004  7,59108e-001  2,33187e-005  1,77014e-005  2,92763e-005
            11  2,24439e+001  1,82000e+002  5,60000e+001  9,15991e-001  1,22798e+002  6,28839e-001  2,45331e+000  1,20105e+003  2,50000e+001  2,62607e+004  1,86220e+004  3,21933e+004  7,09121e-001  2,53383e-005  1,79679e-005  3,10624e-005
            12  2,24518e+001  2,05000e+002  6,10000e+001  7,95914e-001  1,09222e+002  5,83035e-001  2,53695e+000  1,22004e+003  2,50000e+001  2,64777e+004  1,69573e+004  3,14423e+004  6,40438e-001  2,67825e-005  1,71525e-005  3,18043e-005
            13  2,25507e+001  2,15000e+002  6,60000e+001  8,58329e-001  1,16602e+002  5,69927e-001  2,62352e+000  1,23801e+003  2,50000e+001  2,69834e+004  1,67397e+004  3,17541e+004  6,20370e-001  2,67607e-005  1,66015e-005  3,14920e-005
            14  2,29606e+001  2,27000e+002  7,10000e+001  9,55414e-001  1,26495e+002  5,99684e-001  2,74420e+000  1,26169e+003  2,50000e+001  2,71749e+004  1,79562e+004  3,25715e+004  6,60765e-001  2,56149e-005  1,69254e-005  3,07017e-005
            15  2,30330e+001  2,39000e+002  7,60000e+001  9,53184e-001  1,22843e+002  6,53891e-001  2,88510e+000  1,29178e+003  2,50000e+001  2,68881e+004  1,98971e+004  3,34495e+004  7,39996e-001  2,40316e-005  1,77833e-005  2,98958e-005
            16  2,26550e+001  2,60000e+002  8,10000e+001  8,82566e-001  1,10866e+002  7,53681e-001  3,00983e+000  1,32049e+003  2,50000e+001  2,54234e+004  2,30247e+004  3,42999e+004  9,05649e-001  2,16096e-005  1,95708e-005  2,91546e-005
            17  2,25472e+001  2,74000e+002  8,60000e+001  8,62084e-001  1,05970e+002  8,39275e-001  3,10543e+000  1,34249e+003  2,50000e+001  2,38863e+004  2,56271e+004  3,50329e+004  1,07288e+000  1,94624e-005  2,08808e-005  2,85446e-005
            18  2,24756e+001  2,95000e+002  9,10000e+001  5,35844e-001  6,40822e+001  8,05112e-001  3,19809e+000  1,36368e+003  2,50000e+001  2,54625e+004  2,54489e+004  3,59998e+004  9,99464e-001  1,96472e-005  1,96367e-005  2,77779e-005
            19  2,25341e+001  3,05000e+002  9,60000e+001  6,78843e-001  7,95595e+001  7,35357e-001  3,30318e+000  1,38995e+003  2,50000e+001  2,77560e+004  2,40513e+004  3,67269e+004  8,66524e-001  2,05774e-005  1,78308e-005  2,72280e-005
            20  2,27187e+001  3,28000e+002  1,01000e+002  7,65470e-001  9,01515e+001  6,96726e-001  3,37037e+000  1,41386e+003  2,50000e+001  2,85445e+004  2,28022e+004  3,65339e+004  7,98830e-001  2,13860e-005  1,70838e-005  2,73718e-005
CFRP_f1_100_5_1N, 17.04.2021 19:56:49
