         Index            Ts             t             f             F             x         Phase            F0            x0            Tr            M'            M"            M*     tan_delta            C'            C"            C*
           [#]          [°C]           [s]          [Hz]           [N]          [um]         [rad]           [N]          [um]          [°C]         [MPa]         [MPa]         [MPa]            []       [1/MPa]       [1/MPa]       [1/MPa]
             0  2,24405e+001  2,30000e+001  9,99999e-001  1,19500e+000  1,61820e+002  1,93306e-001  1,24000e+000  6,92168e+002  2,50000e+001  3,13364e+004  6,14520e+003  3,19332e+004  1,96104e-001  3,07300e-005  6,02629e-006  3,13153e-005
             1  2,25353e+001  4,40000e+001  6,00000e+000  5,09086e-001  1,47775e+001  1,22591e+000  1,47906e+000  7,63199e+002  2,50000e+001  4,87526e+004  1,41042e+005  1,49230e+005  2,89301e+000  2,18920e-006  6,33338e-006  6,70106e-006
             2  2,24675e+001  6,20000e+001  1,10000e+001  2,67243e-001  8,21825e+000  1,21460e+000  1,48134e+000  8,61451e+002  2,50000e+001  4,77874e+004  1,32487e+005  1,40842e+005  2,77243e+000  2,40907e-006  6,67897e-006  7,10016e-006
             3  2,24335e+001  8,40000e+001  1,60000e+001  7,94352e-001  5,69408e+001  1,00099e+000  1,48436e+000  9,06287e+002  2,50000e+001  3,24956e+004  5,08247e+004  6,03251e+004  1,56405e+000  8,92953e-006  1,39662e-005  1,65769e-005
             4  2,24029e+001  9,80000e+001  2,10000e+001  9,35506e-001  1,01090e+002  6,55463e-001  1,48583e+000  9,29249e+002  2,50000e+001  3,17884e+004  2,42974e+004  4,00108e+004  7,64350e-001  1,98570e-005  1,51777e-005  2,49932e-005
             5  2,24035e+001  1,02000e+002  2,60000e+001  1,10648e+000  1,24350e+002  6,51968e-001  1,49481e+000  9,57751e+002  2,50000e+001  3,06709e+004  2,32094e+004  3,84628e+004  7,56722e-001  2,07323e-005  1,56886e-005  2,59992e-005
             6  2,24301e+001  1,13000e+002  3,10000e+001  1,09682e+000  1,36308e+002  5,41231e-001  1,48154e+000  9,81173e+002  2,50000e+001  2,99108e+004  1,77386e+004  3,47752e+004  5,93048e-001  2,47337e-005  1,46683e-005  2,87561e-005
             7  2,24277e+001  1,16000e+002  3,60000e+001  1,14196e+000  1,41243e+002  5,05417e-001  1,46742e+000  9,95133e+002  2,50000e+001  3,06925e+004  1,66935e+004  3,49386e+004  5,43895e-001  2,51433e-005  1,36753e-005  2,86217e-005
             8  2,24211e+001  1,25000e+002  4,10000e+001  1,18087e+000  1,38146e+002  5,55790e-001  1,46855e+000  9,98370e+002  2,50000e+001  3,15359e+004  1,92277e+004  3,69353e+004  6,09709e-001  2,31165e-005  1,40943e-005  2,70744e-005
             9  2,24211e+001  1,28000e+002  4,60000e+001  1,17000e+000  1,30385e+002  6,56855e-001  1,47734e+000  9,97763e+002  2,50000e+001  3,09116e+004  2,33901e+004  3,87637e+004  7,56677e-001  2,05718e-005  1,55662e-005  2,57974e-005
            10  2,24307e+001  1,38000e+002  5,10000e+001  1,18548e+000  1,27439e+002  7,86220e-001  1,49361e+000  1,00102e+003  2,50000e+001  2,86579e+004  2,81440e+004  4,01666e+004  9,82069e-001  1,77629e-005  1,74444e-005  2,48963e-005
            11  2,25079e+001  1,56000e+002  5,60000e+001  1,03545e+000  1,06979e+002  9,49710e-001  1,50996e+000  1,00640e+003  2,50000e+001  2,46624e+004  3,37081e+004  4,17668e+004  1,36678e+000  1,41375e-005  1,93229e-005  2,39424e-005
            12  2,24575e+001  1,71000e+002  6,10000e+001  6,04605e-001  5,95265e+001  1,02641e+000  1,52301e+000  1,01108e+003  2,50000e+001  2,31170e+004  3,72154e+004  4,38107e+004  1,60987e+000  1,20440e-005  1,93893e-005  2,28255e-005
            13  2,24485e+001  1,85000e+002  6,60000e+001  4,40210e-001  4,03431e+001  1,02264e+000  1,54294e+000  1,01704e+003  2,50000e+001  2,50220e+004  3,98579e+004  4,70611e+004  1,59291e+000  1,12979e-005  1,79966e-005  2,12490e-005
            14  2,24548e+001  2,07000e+002  7,10000e+001  5,82444e-001  4,87964e+001  9,33294e-001  1,57063e+000  1,02440e+003  2,50000e+001  3,12073e+004  4,09605e+004  5,14943e+004  1,31253e+000  1,17690e-005  1,54471e-005  1,94196e-005
            15  2,24414e+001  2,19000e+002  7,60000e+001  1,17480e+000  8,50567e+001  8,27357e-001  1,60790e+000  1,03499e+003  2,50000e+001  4,09892e+004  4,32979e+004  5,96223e+004  1,05633e+000  1,15306e-005  1,21801e-005  1,67722e-005
            16  2,24253e+001  2,31000e+002  8,10000e+001  1,35180e+000  9,11926e+001  9,59346e-001  1,66550e+000  1,05010e+003  2,50000e+001  3,74884e+004  5,18031e+004  6,39449e+004  1,38184e+000  9,16823e-006  1,26691e-005  1,56385e-005
            17  2,24070e+001  2,48000e+002  8,60000e+001  8,51365e-001  5,28867e+001  1,13094e+000  1,72257e+000  1,06470e+003  2,50000e+001  3,04886e+004  6,23094e+004  6,93686e+004  2,04370e+000  6,33593e-006  1,29487e-005  1,44157e-005
            18  2,24037e+001  2,67000e+002  9,10000e+001  7,19750e-001  3,81365e+001  1,28370e+000  1,77667e+000  1,07762e+003  2,50000e+001  2,41692e+004  7,75666e+004  8,12449e+004  3,20932e+000  3,66159e-006  1,17512e-005  1,23085e-005
            19  2,24192e+001  2,79000e+002  9,60000e+001  8,98050e-001  3,91319e+001  1,30011e+000  1,84791e+000  1,09208e+003  2,50000e+001  2,77950e+004  9,47950e+004  9,87859e+004  3,41050e+000  2,84825e-006  9,71394e-006  1,01229e-005
            20  2,24920e+001  3,02000e+002  1,01000e+002  3,95000e-001  2,58951e+001  9,75665e-001  1,95299e+000  1,11443e+003  2,50000e+001  3,78945e+004  5,36613e+004  6,56926e+004  1,41607e+000  8,78097e-006  1,24345e-005  1,52224e-005
CFRP_f1_100_5_1N, 17.04.2021 19:48:14
