         Index            Ts             t             f             F             x         Phase            F0            x0            Tr            M'            M"            M*     tan_delta            C'            C"            C*
           [#]          [°C]           [s]          [Hz]           [N]          [um]         [rad]           [N]          [um]          [°C]         [MPa]         [MPa]         [MPa]            []       [1/MPa]       [1/MPa]       [1/MPa]
             0  2,13014e+001  1,60000e+001  9,99999e-001  4,50000e-002  1,00326e+002  1,73430e-002  6,50000e-002  1,77198e+002  2,50000e+001  9,66350e+003  1,65221e+002  9,66491e+003  1,70974e-002  1,03452e-004  1,76876e-006  1,03467e-004
             1  2,12898e+001  3,80000e+001  6,00000e+000  4,50124e-002  1,00647e+002  1,76888e-002  6,34375e-002  1,72613e+002  2,50000e+001  9,63531e+003  1,56213e+002  9,63657e+003  1,62126e-002  1,03758e-004  1,68218e-006  1,03771e-004
             2  2,12872e+001  4,70000e+001  1,10000e+001  4,50174e-002  1,00779e+002  1,27993e-002  6,40156e-002  1,72270e+002  2,50000e+001  9,62408e+003  9,70824e+001  9,62457e+003  1,00874e-002  1,03895e-004  1,04804e-006  1,03901e-004
             3  2,12948e+001  5,60000e+001  1,60000e+001  4,50425e-002  1,00652e+002  3,84558e-003  6,43008e-002  1,72513e+002  2,50000e+001  9,64151e+003 -9,84439e-001  9,64151e+003 -1,02104e-004  1,03718e-004 -1,05901e-008  1,03718e-004
             4  2,12968e+001  5,90000e+001  2,10000e+001  4,50950e-002  1,00645e+002 -5,37826e-004  6,44357e-002  1,72702e+002  2,50000e+001  9,65241e+003 -5,52131e+001  9,65257e+003 -5,72014e-003  1,03598e-004 -5,92593e-007  1,03599e-004
             5  2,12979e+001  7,00000e+001  2,60000e+001  4,49172e-002  1,00351e+002  1,36628e-003  6,44705e-002  1,72539e+002  2,50000e+001  9,64159e+003 -4,86828e+001  9,64171e+003 -5,04925e-003  1,03715e-004 -5,23681e-007  1,03716e-004
             6  2,13077e+001  7,30000e+001  3,10000e+001  4,49598e-002  1,00403e+002  8,15734e-003  6,45486e-002  1,72980e+002  2,50000e+001  9,64459e+003  4,91582e+000  9,64459e+003  5,09697e-004  1,03685e-004  5,28479e-008  1,03685e-004
             7  2,12983e+001  8,50000e+001  3,60000e+001  4,48149e-002  1,00038e+002  9,64530e-003  6,48611e-002  1,73570e+002  2,50000e+001  9,64703e+003  7,37531e+000  9,64704e+003  7,64516e-004  1,03659e-004  7,92487e-008  1,03659e-004
             8  2,12940e+001  8,80000e+001  4,10000e+001  4,50705e-002  1,00579e+002  2,65408e-003  6,50000e-002  1,74079e+002  2,50000e+001  9,64791e+003 -7,19889e+001  9,64817e+003 -7,46160e-003  1,03644e-004 -7,73348e-007  1,03647e-004
             9  2,12870e+001  9,70000e+001  4,60000e+001  4,49575e-002  1,00322e+002 -7,35480e-003  6,50000e-002  1,74617e+002  2,50000e+001  9,64503e+003 -1,80437e+002  9,64672e+003 -1,87078e-002  1,03644e-004 -1,93895e-006  1,03662e-004
            10  2,12811e+001  1,00000e+002  5,10000e+001  4,00000e-002  1,00067e+002 -2,43648e-002  6,50000e-002  1,75215e+002  2,50000e+001  8,59685e+003 -3,17809e+002  8,60272e+003 -3,69681e-002  1,16163e-004 -4,29432e-006  1,16242e-004
            11  2,12929e+001  1,10000e+002  5,60000e+001  4,00310e-002  9,99771e+001 -7,84388e-002  6,50000e-002  1,75446e+002  2,50000e+001  8,57833e+003 -7,93759e+002  8,61498e+003 -9,25307e-002  1,15583e-004 -1,06950e-005  1,16077e-004
            12  2,12961e+001  1,15000e+002  6,10000e+001  3,89232e-002  1,02310e+002 -8,68563e-002  6,50000e-002  1,76397e+002  2,50000e+001  8,14083e+003 -8,32588e+002  8,18329e+003 -1,02273e-001  1,21566e-004 -1,24329e-005  1,22200e-004
            13  2,12918e+001  1,24000e+002  6,60000e+001  3,45897e-002  1,00447e+002 -7,82954e-002  6,50000e-002  1,75994e+002  2,50000e+001  7,37165e+003 -6,99351e+002  7,40475e+003 -9,48704e-002  1,34445e-004 -1,27548e-005  1,35048e-004
            14  2,12951e+001  1,36000e+002  7,10000e+001  3,17391e-002  9,45441e+001 -3,11393e-002  6,50000e-002  1,75562e+002  2,50000e+001  7,20789e+003 -3,50982e+002  7,21643e+003 -4,86942e-002  1,38409e-004 -6,73970e-006  1,38573e-004
            15  2,12763e+001  1,45000e+002  7,60000e+001  3,11743e-002  9,67671e+001 -4,16285e-003  6,50000e-002  1,74599e+002  2,50000e+001  6,92097e+003 -1,58567e+002  6,92279e+003 -2,29110e-002  1,44413e-004 -3,30864e-006  1,44450e-004
            16  2,12731e+001  1,49000e+002  8,10000e+001  3,04675e-002  9,84020e+001  7,48360e-003  6,50000e-002  1,73827e+002  2,50000e+001  6,65046e+003 -8,30717e+001  6,65098e+003 -1,24911e-002  1,50342e-004 -1,87794e-006  1,50354e-004
            17  2,12779e+001  1,60000e+002  8,60000e+001  2,99627e-002  9,95331e+001 -1,63107e-002  6,50000e-002  1,72687e+002  2,50000e+001  6,45937e+003 -2,42465e+002  6,46392e+003 -3,75370e-002  1,54596e-004 -5,80307e-006  1,54705e-004
            18  2,13346e+001  1,72000e+002  9,10000e+001  2,98617e-002  1,00025e+002 -6,01979e-002  6,50000e-002  1,71138e+002  2,50000e+001  6,38597e+003 -5,28965e+002  6,40784e+003 -8,28323e-002  1,55526e-004 -1,28826e-005  1,56059e-004
            19  2,13283e+001  1,81000e+002  9,60000e+001  2,50000e-002  9,97295e+001 -1,56057e-001  6,50000e-002  1,69257e+002  2,50000e+001  5,29137e+003 -9,61461e+002  5,37801e+003 -1,81704e-001  1,82947e-004 -3,32421e-005  1,85942e-004
            20  2,13244e+001  1,85000e+002  1,01000e+002  2,50069e-002  9,99232e+001 -2,02343e-001  6,50000e-002  1,69156e+002  2,50000e+001  5,22862e+003 -1,20917e+003  5,36662e+003 -2,31260e-001  1,81546e-004 -4,19842e-005  1,86337e-004
cfrp_f1_100_5_1N, 21.04.2021 14:12:38
