         Index            Ts             t             f             F             x         Phase            F0            x0            Tr            M'            M"            M*     tan_delta            C'            C"            C*
           [#]          [°C]           [s]          [Hz]           [N]          [um]         [rad]           [N]          [um]          [°C]         [MPa]         [MPa]         [MPa]            []       [1/MPa]       [1/MPa]       [1/MPa]
             0  2,13459e+001  1,70000e+001  9,99999e-001  4,50000e-002  1,00616e+002  1,89987e-002  6,50000e-002  1,70153e+002  2,50000e+001  9,63535e+003  1,80702e+002  9,63704e+003  1,87540e-002  1,03748e-004  1,94569e-006  1,03766e-004
             1  2,12987e+001  4,80000e+001  6,00000e+000  4,49815e-002  1,00511e+002  2,40441e-002  6,50000e-002  1,70003e+002  2,50000e+001  9,64048e+003  2,17601e+002  9,64293e+003  2,25716e-002  1,03676e-004  2,34014e-006  1,03703e-004
             2  2,13020e+001  6,10000e+001  1,10000e+001  4,50096e-002  1,00548e+002  2,46234e-002  6,50000e-002  1,70707e+002  2,50000e+001  9,64278e+003  2,11343e+002  9,64509e+003  2,19172e-002  1,03655e-004  2,27182e-006  1,03680e-004
             3  2,12965e+001  7,00000e+001  1,60000e+001  4,50264e-002  1,00414e+002  1,84581e-002  6,50000e-002  1,71666e+002  2,50000e+001  9,65992e+003  1,40209e+002  9,66094e+003  1,45145e-002  1,03499e-004  1,50223e-006  1,03510e-004
             4  2,12918e+001  7,30000e+001  2,10000e+001  4,50384e-002  1,00461e+002  1,04721e-002  6,50000e-002  1,71266e+002  2,50000e+001  9,65798e+003  5,11112e+001  9,65811e+003  5,29213e-003  1,03538e-004  5,47939e-007  1,03540e-004
             5  2,13020e+001  8,10000e+001  2,60000e+001  4,48811e-002  1,00080e+002  4,29660e-003  6,50000e-002  1,71079e+002  2,50000e+001  9,66000e+003 -2,04627e+001  9,66002e+003 -2,11829e-003  1,03519e-004 -2,19284e-007  1,03519e-004
             6  2,12978e+001  8,50000e+001  3,10000e+001  4,50029e-002  1,00310e+002 -2,71777e-004  6,50000e-002  1,70972e+002  2,50000e+001  9,66248e+003 -7,65395e+001  9,66278e+003 -7,92131e-003  1,03487e-004 -8,19750e-007  1,03490e-004
             7  2,12830e+001  9,70000e+001  3,60000e+001  4,49389e-002  1,00122e+002 -8,55754e-004  6,50000e-002  1,70707e+002  2,50000e+001  9,66519e+003 -9,41292e+001  9,66564e+003 -9,73900e-003  1,03454e-004 -1,00754e-006  1,03459e-004
             8  2,12778e+001  1,00000e+002  4,10000e+001  4,50276e-002  1,00296e+002  1,10029e-003  6,50000e-002  1,69987e+002  2,50000e+001  9,66582e+003 -8,71453e+001  9,66621e+003 -9,01582e-003  1,03449e-004 -9,32677e-007  1,03453e-004
             9  2,12863e+001  1,09000e+002  4,60000e+001  4,00000e-002  9,99667e+001 -3,71321e-003  6,50000e-002  1,68926e+002  2,50000e+001  8,61229e+003 -1,29736e+002  8,61327e+003 -1,50641e-002  1,16087e-004 -1,74874e-006  1,16100e-004
            10  2,12989e+001  1,14000e+002  5,10000e+001  3,98921e-002  9,93316e+001 -2,61940e-002  6,50000e-002  1,72801e+002  2,50000e+001  8,63651e+003 -3,35099e+002  8,64300e+003 -3,88003e-002  1,15614e-004 -4,48584e-006  1,15701e-004
            11  2,12896e+001  1,27000e+002  5,60000e+001  3,94351e-002  1,01129e+002 -8,03478e-002  6,50000e-002  1,74984e+002  2,50000e+001  8,35284e+003 -7,88979e+002  8,39002e+003 -9,44564e-002  1,18661e-004 -1,12083e-005  1,19189e-004
            12  2,12941e+001  1,32000e+002  6,10000e+001  3,78208e-002  1,05388e+002 -9,03650e-002  6,42907e-002  1,75159e+002  2,50000e+001  7,67633e+003 -8,12304e+002  7,71919e+003 -1,05819e-001  1,28828e-004 -1,36325e-005  1,29547e-004
            13  2,13207e+001  1,45000e+002  6,60000e+001  3,47990e-002  1,00475e+002 -4,62232e-002  6,44309e-002  1,75035e+002  2,50000e+001  7,43299e+003 -4,65243e+002  7,44754e+003 -6,25917e-002  1,34010e-004 -8,38793e-006  1,34273e-004
            14  2,13107e+001  1,54000e+002  7,10000e+001  3,17105e-002  9,47451e+001 -3,23421e-002  6,44490e-002  1,75136e+002  2,50000e+001  7,18569e+003 -3,58567e+002  7,19463e+003 -4,99001e-002  1,38820e-004 -6,92712e-006  1,38993e-004
            15  2,13150e+001  1,65000e+002  7,60000e+001  3,11634e-002  9,68230e+001 -3,67263e-003  6,44628e-002  1,74973e+002  2,50000e+001  6,91464e+003 -1,55030e+002  6,91638e+003 -2,24205e-002  1,44548e-004 -3,24083e-006  1,44584e-004
            16  2,13309e+001  1,69000e+002  8,10000e+001  3,04375e-002  9,84158e+001  3,25325e-003  6,45179e-002  1,74236e+002  2,50000e+001  6,64256e+003 -1,11083e+002  6,64349e+003 -1,67230e-002  1,50502e-004 -2,51685e-006  1,50523e-004
            17  2,13337e+001  1,81000e+002  8,60000e+001  2,99812e-002  9,96642e+001 -1,47498e-002  6,46987e-002  1,73247e+002  2,50000e+001  6,45523e+003 -2,32219e+002  6,45941e+003 -3,59738e-002  1,54713e-004 -5,56561e-006  1,54813e-004
            18  2,13326e+001  1,93000e+002  9,10000e+001  2,98659e-002  1,00093e+002 -5,19498e-002  6,50446e-002  1,72374e+002  2,50000e+001  6,38664e+003 -4,76009e+002  6,40436e+003 -7,45319e-002  1,55712e-004 -1,16055e-005  1,56144e-004
            19  2,13015e+001  2,05000e+002  9,60000e+001  2,50000e-002  9,98727e+001 -1,45607e-001  6,50595e-002  1,71484e+002  2,50000e+001  5,29353e+003 -9,04807e+002  5,37030e+003 -1,70927e-001  1,83547e-004 -3,13732e-005  1,86209e-004
            20  2,13183e+001  2,10000e+002  1,01000e+002  2,50105e-002  1,00166e+002 -2,15048e-001  6,50000e-002  1,73432e+002  2,50000e+001  5,20095e+003 -1,27260e+003  5,35438e+003 -2,44685e-001  1,81411e-004 -4,43887e-005  1,86763e-004
cfrp_f1_100_5_1N, 21.04.2021 14:03:52
