         Index            Ts             t             f             F             x         Phase            F0            x0            Tr            M'            M"            M*     tan_delta            C'            C"            C*
           [#]          [°C]           [s]          [Hz]           [N]          [um]         [rad]           [N]          [um]          [°C]         [MPa]         [MPa]         [MPa]            []       [1/MPa]       [1/MPa]       [1/MPa]
             0  2,12885e+001  1,70000e+001  9,99999e-001  4,50000e-002  1,00732e+002  1,76389e-002  6,50000e-002  1,79594e+002  2,50000e+001  9,62446e+003  1,67403e+002  9,62592e+003  1,73935e-002  1,03870e-004  1,80667e-006  1,03886e-004
             1  2,12826e+001  4,40000e+001  6,00000e+000  4,49791e-002  1,00632e+002  1,59551e-002  6,50000e-002  1,73019e+002  2,50000e+001  9,62988e+003  1,39422e+002  9,63089e+003  1,44781e-002  1,03822e-004  1,50314e-006  1,03833e-004
             2  2,12926e+001  5,50000e+001  1,10000e+001  4,49909e-002  1,00732e+002  1,64885e-002  6,50000e-002  1,72288e+002  2,50000e+001  9,62256e+003  1,32579e+002  9,62348e+003  1,37780e-002  1,03903e-004  1,43157e-006  1,03913e-004
             3  2,13416e+001  6,40000e+001  1,60000e+001  4,50944e-002  1,00775e+002  3,60093e-003  6,50000e-002  1,72792e+002  2,50000e+001  9,64079e+003 -3,34344e+000  9,64080e+003 -3,46801e-004  1,03726e-004 -3,59723e-008  1,03726e-004
             4  2,13707e+001  6,70000e+001  2,10000e+001  4,50592e-002  1,00567e+002 -1,30317e-002  6,50000e-002  1,72229e+002  2,50000e+001  9,65082e+003 -1,75824e+002  9,65242e+003 -1,82186e-002  1,03584e-004 -1,88715e-006  1,03601e-004
             5  2,13825e+001  7,60000e+001  2,60000e+001  4,49574e-002  1,00480e+002 -5,70783e-003  6,50000e-002  1,71625e+002  2,50000e+001  9,63718e+003 -1,16854e+002  9,63789e+003 -1,21254e-002  1,03750e-004 -1,25800e-006  1,03757e-004
             6  2,14046e+001  7,90000e+001  3,10000e+001  4,48840e-002  1,00378e+002  1,66426e-003  6,50000e-002  1,71825e+002  2,50000e+001  9,63052e+003 -5,76365e+001  9,63070e+003 -5,98478e-003  1,03833e-004 -6,21416e-007  1,03835e-004
             7  2,13942e+001  8,90000e+001  3,60000e+001  4,48824e-002  1,00426e+002  6,52575e-003  6,50000e-002  1,72161e+002  2,50000e+001  9,62420e+003 -2,26715e+001  9,62423e+003 -2,35568e-003  1,03904e-004 -2,44765e-007  1,03904e-004
             8  2,13857e+001  9,20000e+001  4,10000e+001  4,48844e-002  1,00570e+002 -2,78713e-003  6,50000e-002  1,72278e+002  2,50000e+001  9,60834e+003 -1,23991e+002  9,60914e+003 -1,29045e-002  1,04059e-004 -1,34283e-006  1,04068e-004
             9  2,13764e+001  1,03000e+002  4,60000e+001  4,51375e-002  1,01469e+002 -1,11313e-002  6,50000e-002  1,72360e+002  2,50000e+001  9,57339e+003 -2,15273e+002  9,57581e+003 -2,24866e-002  1,04403e-004 -2,34768e-006  1,04430e-004
            10  2,13701e+001  1,06000e+002  5,10000e+001  4,00000e-002  9,92702e+001 -1,47142e-002  6,50000e-002  1,72810e+002  2,50000e+001  8,66853e+003 -2,36700e+002  8,67176e+003 -2,73057e-002  1,15274e-004 -3,14764e-006  1,15317e-004
            11  2,13662e+001  1,16000e+002  5,60000e+001  4,03150e-002  1,00736e+002 -7,44326e-002  6,50000e-002  1,74387e+002  2,50000e+001  8,57717e+003 -7,59003e+002  8,61069e+003 -8,84910e-002  1,15683e-004 -1,02369e-005  1,16135e-004
            12  2,13546e+001  1,21000e+002  6,10000e+001  3,88114e-002  1,02254e+002 -8,72997e-002  6,39844e-002  1,73831e+002  2,50000e+001  8,12152e+003 -8,34253e+002  8,16426e+003 -1,02721e-001  1,21844e-004 -1,25160e-005  1,22485e-004
            13  2,13305e+001  1,31000e+002  6,60000e+001  3,46468e-002  1,00601e+002 -7,67443e-002  6,42941e-002  1,74374e+002  2,50000e+001  7,37362e+003 -6,87998e+002  7,40565e+003 -9,33053e-002  1,34448e-004 -1,25447e-005  1,35032e-004
            14  2,13020e+001  1,40000e+002  7,10000e+001  3,18384e-002  9,48133e+001 -1,46747e-002  6,44364e-002  1,73978e+002  2,50000e+001  7,21472e+003 -2,32312e+002  7,21846e+003 -3,21998e-002  1,38462e-004 -4,45844e-006  1,38534e-004
            15  2,13007e+001  1,52000e+002  7,60000e+001  3,10765e-002  9,64375e+001  9,36154e-003  6,44628e-002  1,73747e+002  2,50000e+001  6,92435e+003 -6,49568e+001  6,92466e+003 -9,38092e-003  1,44405e-004 -1,35465e-006  1,44411e-004
            16  2,12992e+001  1,55000e+002  8,10000e+001  3,03948e-002  9,81088e+001  1,92560e-002  6,45179e-002  1,73621e+002  2,50000e+001  6,65493e+003 -4,76765e+000  6,65494e+003 -7,16408e-004  1,50264e-004 -1,07651e-007  1,50264e-004
            17  2,13142e+001  1,67000e+002  8,60000e+001  3,00399e-002  9,97417e+001 -1,53540e-002  6,46987e-002  1,73360e+002  2,50000e+001  6,46270e+003 -2,36398e+002  6,46702e+003 -3,65788e-002  1,54527e-004 -5,65243e-006  1,54631e-004
            18  2,13283e+001  1,78000e+002  9,10000e+001  2,98595e-002  1,00068e+002 -5,55764e-002  6,50446e-002  1,72931e+002  2,50000e+001  6,38510e+003 -4,99188e+002  6,40458e+003 -7,81802e-002  1,55663e-004 -1,21698e-005  1,56138e-004
            19  2,13018e+001  1,88000e+002  9,60000e+001  2,50000e-002  9,96930e+001 -1,57251e-001  6,50595e-002  1,72353e+002  2,50000e+001  5,29216e+003 -9,68133e+002  5,37998e+003 -1,82937e-001  1,82840e-004 -3,34483e-005  1,85874e-004
            20  2,12974e+001  1,93000e+002  1,01000e+002  2,50133e-002  1,00063e+002 -2,11502e-001  6,50000e-002  1,74528e+002  2,50000e+001  5,21133e+003 -1,25556e+003  5,36045e+003 -2,40929e-001  1,81362e-004 -4,36955e-005  1,86552e-004
cfrp_f1_100_5_1N, 21.04.2021 14:08:10
