         Index            Ts             t             f             F             x         Phase            F0            x0            Tr            M'            M"            M*     tan_delta            C'            C"            C*
           [#]          [°C]           [s]          [Hz]           [N]          [um]         [rad]           [N]          [um]          [°C]         [MPa]         [MPa]         [MPa]            []       [1/MPa]       [1/MPa]       [1/MPa]
             0  2,13670e+001  1,60000e+001  9,99999e-001  4,50000e-002  1,00570e+002  1,75168e-002  6,50000e-002  1,78774e+002  2,50000e+001  9,63997e+003  1,66495e+002  9,64141e+003  1,72713e-002  1,03704e-004  1,79110e-006  1,03719e-004
             1  2,13472e+001  2,50000e+001  6,00000e+000  1,95926e-002  4,34308e+001  2,50405e-002  6,50000e-002  1,72159e+002  2,50000e+001  9,71770e+003  2,29033e+002  9,72039e+003  2,35687e-002  1,02848e-004  2,42399e-006  1,02876e-004
             2  2,13302e+001  3,50000e+001  1,10000e+001  4,51730e-002  1,00401e+002  1,98379e-002  6,50000e-002  1,70741e+002  2,50000e+001  9,69280e+003  1,66027e+002  9,69423e+003  1,71289e-002  1,03139e-004  1,76666e-006  1,03154e-004
             3  2,13616e+001  4,60000e+001  1,60000e+001  4,51377e-002  1,00319e+002  8,96711e-003  6,50000e-002  1,69753e+002  2,50000e+001  9,69387e+003  4,86683e+001  9,69399e+003  5,02053e-003  1,03155e-004  5,17894e-007  1,03157e-004
             4  2,13629e+001  5,00000e+001  2,10000e+001  4,50481e-002  1,00172e+002  1,76189e-003  6,50000e-002  1,69907e+002  2,50000e+001  9,68810e+003 -3,31323e+001  9,68815e+003 -3,41990e-003  1,03218e-004 -3,52996e-007  1,03219e-004
             5  2,13589e+001  5,90000e+001  2,60000e+001  4,49573e-002  1,00040e+002  7,22844e-004  6,50000e-002  1,69237e+002  2,50000e+001  9,68016e+003 -5,51076e+001  9,68032e+003 -5,69284e-003  1,03301e-004 -5,88074e-007  1,03302e-004
             6  2,13583e+001  6,20000e+001  3,10000e+001  4,49528e-002  1,00100e+002  3,00249e-003  6,50000e-002  1,69260e+002  2,50000e+001  9,67217e+003 -4,49392e+001  9,67227e+003 -4,64624e-003  1,03387e-004 -4,80362e-007  1,03388e-004
             7  2,13609e+001  7,40000e+001  3,60000e+001  4,49647e-002  1,00137e+002  2,15126e-003  6,50000e-002  1,69686e+002  2,50000e+001  9,66949e+003 -6,50869e+001  9,66971e+003 -6,73116e-003  1,03413e-004 -6,96092e-007  1,03416e-004
             8  2,13563e+001  7,70000e+001  4,10000e+001  4,50167e-002  1,00284e+002 -3,63493e-003  6,50000e-002  1,70194e+002  2,50000e+001  9,66404e+003 -1,32906e+002  9,66496e+003 -1,37526e-002  1,03457e-004 -1,42280e-006  1,03467e-004
             9  2,13561e+001  8,60000e+001  4,60000e+001  4,50127e-002  1,00369e+002 -9,85332e-003  6,50000e-002  1,70860e+002  2,50000e+001  9,65187e+003 -2,04695e+002  9,65404e+003 -2,12078e-002  1,03560e-004 -2,19629e-006  1,03584e-004
            10  2,13594e+001  8,90000e+001  5,10000e+001  4,00000e-002  9,98143e+001 -2,82850e-002  6,50000e-002  1,71471e+002  2,50000e+001  8,61728e+003 -3,52404e+002  8,62448e+003 -4,08950e-002  1,15852e-004 -4,73778e-006  1,15949e-004
            11  2,13505e+001  9,70000e+001  5,60000e+001  4,00372e-002  1,00001e+002 -8,42845e-002  6,18750e-002  1,71450e+002  2,50000e+001  8,57283e+003 -8,43830e+002  8,61426e+003 -9,84308e-002  1,15528e-004 -1,13715e-005  1,16087e-004
            12  2,13433e+001  1,00000e+002  6,10000e+001  3,89712e-002  1,02472e+002 -9,59900e-002  6,30078e-002  1,72064e+002  2,50000e+001  8,13005e+003 -9,06605e+002  8,18044e+003 -1,11513e-001  1,21490e-004 -1,35477e-005  1,22243e-004
            13  2,13411e+001  1,13000e+002  6,60000e+001  3,45834e-002  1,00416e+002 -8,70166e-002  6,35893e-002  1,70888e+002  2,50000e+001  7,36626e+003 -7,63726e+002  7,40574e+003 -1,03679e-001  1,34310e-004 -1,39252e-005  1,35030e-004
            14  2,13379e+001  1,25000e+002  7,10000e+001  3,18453e-002  9,48209e+001 -3,25555e-002  6,38711e-002  1,70523e+002  2,50000e+001  7,21039e+003 -3,61342e+002  7,21944e+003 -5,01141e-002  1,38341e-004 -6,93285e-006  1,38515e-004
            15  2,13196e+001  1,37000e+002  7,60000e+001  3,09883e-002  9,62050e+001 -9,69129e-003  6,40386e-002  1,70616e+002  2,50000e+001  6,91890e+003 -1,96801e+002  6,92170e+003 -2,84439e-002  1,44415e-004 -4,10772e-006  1,44473e-004
            16  2,13161e+001  1,48000e+002  8,10000e+001  3,05218e-002  9,86643e+001  3,29429e-003  6,44878e-002  1,70619e+002  2,50000e+001  6,64419e+003 -1,10838e+002  6,64511e+003 -1,66819e-002  1,50466e-004 -2,51006e-006  1,50487e-004
            17  2,13176e+001  1,52000e+002  8,60000e+001  3,00110e-002  9,99314e+001 -1,83911e-002  6,48958e-002  1,70473e+002  2,50000e+001  6,44349e+003 -2,55296e+002  6,44854e+003 -3,96208e-002  1,54952e-004 -6,13933e-006  1,55074e-004
            18  2,13185e+001  1,63000e+002  9,10000e+001  2,98460e-002  1,00433e+002 -4,84050e-002  6,50000e-002  1,70639e+002  2,50000e+001  6,36241e+003 -4,51527e+002  6,37842e+003 -7,09679e-002  1,56385e-004 -1,10983e-005  1,56779e-004
            19  2,13202e+001  1,73000e+002  9,60000e+001  2,50000e-002  9,99548e+001 -1,82810e-001  6,50000e-002  1,71688e+002  2,50000e+001  5,25189e+003 -1,10019e+003  5,36589e+003 -2,09485e-001  1,82403e-004 -3,82106e-005  1,86362e-004
            20  2,13335e+001  1,84000e+002  1,01000e+002  2,50109e-002  1,00261e+002 -2,38242e-001  6,50000e-002  1,74122e+002  2,50000e+001  5,16520e+003 -1,39158e+003  5,34937e+003 -2,69415e-001  1,80502e-004 -4,86299e-005  1,86938e-004
cfrp_f1_100_5_1N, 21.04.2021 13:59:31
