         Index            Ts             t             f             F             x         Phase            F0            x0            Tr            M'            M"            M*     tan_delta            C'            C"            C*
           [#]          [°C]           [s]          [Hz]           [N]          [um]         [rad]           [N]          [um]          [°C]         [MPa]         [MPa]         [MPa]            []       [1/MPa]       [1/MPa]       [1/MPa]
             0  2,26171e+001  2,00000e+001  9,99999e-001  0,00000e+000  1,00952e+002 -8,69055e-002  0,00000e+000  1,29417e+002  2,50000e+001  0,00000e+000  0,00000e+000  0,00000e+000  0,00000e+000  0,00000e+000  0,00000e+000  0,00000e+000
             1  2,27599e+001  3,90000e+001  6,00000e+000  0,00000e+000  4,75734e+001  1,84724e-001  1,87500e-002  2,33409e+002  2,50000e+001  0,00000e+000  0,00000e+000  0,00000e+000  0,00000e+000  0,00000e+000  0,00000e+000  0,00000e+000
             2  2,26299e+001  5,80000e+001  1,10000e+001  6,50000e-002  3,96384e+001  3,09627e-002  5,88906e-002  2,98324e+002  2,50000e+001  1,04458e+004  2,95345e+002  1,04499e+004  2,82741e-002  9,56561e-005  2,70459e-006  9,56944e-005
             3  2,26312e+001  6,10000e+001  1,60000e+001  1,29595e-001  9,81438e+001  4,06246e-002  1,04424e-001  3,41983e+002  2,50000e+001  8,40754e+003  3,08660e+002  8,41320e+003  3,67123e-002  1,18781e-004  4,36072e-006  1,18861e-004
             4  2,26188e+001  7,90000e+001  2,10000e+001  1,13697e-001  6,94443e+001  2,67920e-002  1,38752e-001  3,73141e+002  2,50000e+001  1,04295e+004  2,25571e+002  1,04320e+004  2,16281e-002  9,58368e-005  2,07277e-006  9,58592e-005
             5  2,26118e+001  8,20000e+001  2,60000e+001  1,71106e-001  1,01552e+002  2,11183e-002  1,66432e-001  4,05714e+002  2,50000e+001  1,07335e+004  1,57939e+002  1,07347e+004  1,47146e-002  9,31461e-005  1,37061e-006  9,31561e-005
             6  2,25668e+001  9,50000e+001  3,10000e+001  1,72312e-001  1,01553e+002  2,52728e-002  1,92739e-001  4,31679e+002  2,50000e+001  1,08072e+004  1,90624e+002  1,08089e+004  1,76386e-002  9,25020e-005  1,63161e-006  9,25164e-005
             7  2,25592e+001  9,80000e+001  3,60000e+001  1,77022e-001  1,02544e+002  2,47135e-002  2,14652e-001  4,47545e+002  2,50000e+001  1,09941e+004  1,74196e+002  1,09954e+004  1,58446e-002  9,09354e-005  1,44083e-006  9,09468e-005
             8  2,26540e+001  1,09000e+002  4,10000e+001  1,73962e-001  1,00232e+002  2,52956e-002  2,32867e-001  4,59236e+002  2,50000e+001  1,10514e+004  1,67905e+002  1,10527e+004  1,51931e-002  9,04651e-005  1,37444e-006  9,04755e-005
             9  2,26540e+001  1,13000e+002  4,60000e+001  1,83620e-001  1,06881e+002  2,66311e-002  2,43827e-001  4,66546e+002  2,50000e+001  1,09369e+004  1,67287e+002  1,09382e+004  1,52956e-002  9,14118e-005  1,39820e-006  9,14225e-005
            10  2,29526e+001  1,24000e+002  5,10000e+001  1,70533e-001  1,00241e+002  2,65722e-002  2,50410e-001  4,70824e+002  2,50000e+001  1,08281e+004  1,51621e+002  1,08291e+004  1,40026e-002  9,23344e-005  1,29292e-006  9,23435e-005
            11  2,29283e+001  1,25000e+002  5,60000e+001  1,68519e-001  1,00210e+002  2,59425e-002  2,51574e-001  4,71966e+002  2,50000e+001  1,07010e+004  1,29896e+002  1,07018e+004  1,21387e-002  9,34354e-005  1,13418e-006  9,34423e-005
            12  2,28287e+001  1,34000e+002  6,10000e+001  1,65291e-001  9,97257e+001  2,49818e-002  2,50151e-001  4,71336e+002  2,50000e+001  1,05443e+004  1,04850e+002  1,05448e+004  9,94371e-003  9,48285e-005  9,42947e-007  9,48332e-005
            13  2,27135e+001  1,45000e+002  6,60000e+001  1,60814e-001  9,86019e+001  2,70503e-002  2,48920e-001  4,71248e+002  2,50000e+001  1,03724e+004  1,11820e+002  1,03730e+004  1,07806e-002  9,63988e-005  1,03923e-006  9,64044e-005
            14  2,26878e+001  1,64000e+002  7,10000e+001  1,56855e-001  9,77824e+001  3,12377e-002  2,47913e-001  4,71274e+002  2,50000e+001  1,01981e+004  1,40103e+002  1,01991e+004  1,37381e-002  9,80386e-005  1,34687e-006  9,80479e-005
            15  2,26691e+001  1,67000e+002  7,60000e+001  1,58897e-001  1,00829e+002  3,32881e-002  2,47359e-001  4,71380e+002  2,50000e+001  1,00152e+004  1,45794e+002  1,00162e+004  1,45573e-002  9,98276e-005  1,45322e-006  9,98381e-005
            16  2,27819e+001  1,78000e+002  8,10000e+001  1,54206e-001  1,00073e+002  3,54647e-002  2,47212e-001  4,71396e+002  2,50000e+001  9,78899e+003  1,51758e+002  9,79017e+003  1,55029e-002  1,02131e-004  1,58333e-006  1,02143e-004
            17  2,27835e+001  1,90000e+002  8,60000e+001  1,53144e-001  1,01234e+002  2,74949e-002  2,47181e-001  4,70972e+002  2,50000e+001  9,60726e+003  6,04789e+001  9,60745e+003  6,29513e-003  1,04084e-004  6,55221e-007  1,04086e-004
            18  2,27569e+001  1,99000e+002  9,10000e+001  1,49210e-001  1,00545e+002  2,03223e-002  2,46976e-001  4,70521e+002  2,50000e+001  9,42081e+003 -1,99100e+001  9,42083e+003 -2,11340e-003  1,06148e-004 -2,24333e-007  1,06148e-004
            19  2,27691e+001  2,03000e+002  9,60000e+001  1,44933e-001  9,98210e+001  2,47667e-002  2,47071e-001  4,70402e+002  2,50000e+001  9,21303e+003  1,01544e+001  9,21303e+003  1,10218e-003  1,08542e-004  1,19632e-007  1,08542e-004
            20  2,28349e+001  2,12000e+002  1,01000e+002  1,40931e-001  9,92426e+001  3,61171e-002  2,48167e-001  4,71181e+002  2,50000e+001  9,00606e+003  1,01123e+002  9,00663e+003  1,12283e-002  1,11022e-004  1,24659e-006  1,11029e-004
cfrp, 22.04.2021 14:25:00
