         Index            Ts             t             f             F             x         Phase            F0            x0            Tr            M'            M"            M*     tan_delta            C'            C"            C*
           [#]          [°C]           [s]          [Hz]           [N]          [um]         [rad]           [N]          [um]          [°C]         [MPa]         [MPa]         [MPa]            []       [1/MPa]       [1/MPa]       [1/MPa]
             0  2,27888e+001  2,10000e+001  9,99999e-001  2,00000e-002  9,87777e+001  1,59800e-002  0,00000e+000  2,61566e+002  2,50000e+001  1,28948e+003  2,02859e+001  1,28964e+003  1,57319e-002  7,75315e-004  1,21971e-005  7,75411e-004
             1  2,28375e+001  3,90000e+001  6,00000e+000  5,02185e-002  5,59245e+001  2,31106e-002  8,28125e-002  3,49307e+002  2,50000e+001  5,71963e+003  1,23776e+002  5,72097e+003  2,16406e-002  1,74755e-004  3,78179e-006  1,74795e-004
             2  2,26838e+001  5,70000e+001  1,10000e+001  6,31563e-002  4,32462e+001  2,32375e-002  1,40836e-001  3,94666e+002  2,50000e+001  9,30386e+003  1,91081e+002  9,30582e+003  2,05379e-002  1,07437e-004  2,20652e-006  1,07460e-004
             3  2,26548e+001  6,10000e+001  1,60000e+001  1,70642e-001  1,06720e+002  2,01251e-002  1,71989e-001  4,15767e+002  2,50000e+001  1,01875e+004  1,64924e+002  1,01888e+004  1,61889e-002  9,81342e-005  1,58869e-006  9,81470e-005
             4  2,26151e+001  6,70000e+001  2,10000e+001  1,73797e-001  1,03986e+002  2,23827e-002  1,89659e-001  4,28077e+002  2,50000e+001  1,06478e+004  1,83298e+002  1,06494e+004  1,72146e-002  9,38879e-005  1,61624e-006  9,39019e-005
             5  2,26077e+001  7,00000e+001  2,60000e+001  1,81072e-001  1,00189e+002  2,25937e-002  2,12238e-001  4,46059e+002  2,50000e+001  1,15135e+004  1,86427e+002  1,15150e+004  1,61921e-002  8,68321e-005  1,40600e-006  8,68435e-005
             6  2,25718e+001  8,10000e+001  3,10000e+001  1,79159e-001  9,77186e+001  2,17874e-002  2,30546e-001  4,58411e+002  2,50000e+001  1,16788e+004  1,65264e+002  1,16800e+004  1,41508e-002  8,56079e-005  1,21142e-006  8,56165e-005
             7  2,25700e+001  8,40000e+001  3,60000e+001  1,76945e-001  9,92207e+001  2,26555e-002  2,39539e-001  4,63675e+002  2,50000e+001  1,13579e+004  1,56570e+002  1,13590e+004  1,37850e-002  8,80274e-005  1,21346e-006  8,80358e-005
             8  2,25476e+001  9,00000e+001  4,10000e+001  1,74190e-001  9,94994e+001  2,32599e-002  2,44328e-001  4,66380e+002  2,50000e+001  1,11478e+004  1,46655e+002  1,11487e+004  1,31556e-002  8,96886e-005  1,17991e-006  8,96964e-005
             9  2,25313e+001  9,40000e+001  4,60000e+001  1,75213e-001  1,01969e+002  2,13936e-002  2,45082e-001  4,66785e+002  2,50000e+001  1,09397e+004  1,09984e+002  1,09403e+004  1,00537e-002  9,14009e-005  9,18917e-007  9,14055e-005
            10  2,24989e+001  1,02000e+002  5,10000e+001  1,72375e-001  1,01955e+002  1,76539e-002  2,44186e-001  4,66219e+002  2,50000e+001  1,07619e+004  5,46439e+001  1,07620e+004  5,07753e-003  9,29180e-005  4,71794e-007  9,29192e-005
            11  2,24861e+001  1,06000e+002  5,60000e+001  1,71117e-001  1,02705e+002  1,30910e-002  2,43926e-001  4,66536e+002  2,50000e+001  1,06028e+004 -7,65308e+000  1,06028e+004 -7,21800e-004  9,43149e-005 -6,80765e-008  9,43149e-005
            12  2,24965e+001  1,24000e+002  6,10000e+001  1,64827e-001  1,00367e+002  1,04233e-002  2,43894e-001  4,67021e+002  2,50000e+001  1,04479e+004 -4,83165e+001  1,04480e+004 -4,62450e-003  9,57107e-005 -4,42614e-007  9,57117e-005
            13  2,25155e+001  1,38000e+002  6,60000e+001  1,60021e-001  9,89200e+001  1,24108e-002  2,43978e-001  4,67465e+002  2,50000e+001  1,02885e+004 -3,98028e+001  1,02886e+004 -3,86867e-003  9,71944e-005 -3,76013e-007  9,71951e-005
            14  2,25922e+001  1,47000e+002  7,10000e+001  1,55404e-001  9,76230e+001  1,73446e-002  2,44296e-001  4,67741e+002  2,50000e+001  1,01211e+004 -1,66515e+000  1,01211e+004 -1,64522e-004  9,88030e-005 -1,62553e-008  9,88030e-005
            15  2,26913e+001  1,51000e+002  7,60000e+001  1,55665e-001  9,95565e+001  2,34016e-002  2,44440e-001  4,67999e+002  2,50000e+001  9,93764e+003  4,63459e+001  9,93775e+003  4,66367e-003  1,00625e-004  4,69284e-007  1,00626e-004
            16  2,26113e+001  1,60000e+002  8,10000e+001  1,54387e-001  1,00937e+002  2,92676e-002  2,44426e-001  4,68085e+002  2,50000e+001  9,71729e+003  9,03812e+001  9,71771e+003  9,30107e-003  1,02900e-004  9,57085e-007  1,02905e-004
            17  2,25769e+001  1,68000e+002  8,60000e+001  1,52305e-001  1,01374e+002  2,80777e-002  2,44371e-001  4,67922e+002  2,50000e+001  9,54130e+003  6,56280e+001  9,54152e+003  6,87831e-003  1,04803e-004  7,20865e-007  1,04805e-004
            18  2,25887e+001  1,78000e+002  9,10000e+001  1,48606e-001  1,00635e+002  1,67824e-002  2,44347e-001  4,67945e+002  2,50000e+001  9,37413e+003 -5,30140e+001  9,37427e+003 -5,65535e-003  1,06673e-004 -6,03275e-007  1,06675e-004
            19  2,25717e+001  1,81000e+002  9,60000e+001  1,44893e-001  9,99281e+001  1,55816e-002  2,44473e-001  4,68082e+002  2,50000e+001  9,20031e+003 -7,44141e+001  9,20061e+003 -8,08822e-003  1,08685e-004 -8,79067e-007  1,08688e-004
            20  2,25176e+001  1,90000e+002  1,01000e+002  1,40993e-001  9,91852e+001  2,28603e-002  2,44845e-001  4,68414e+002  2,50000e+001  9,01575e+003 -1,83583e+001  9,01577e+003 -2,03625e-003  1,10917e-004 -2,25854e-007  1,10917e-004
cfrp, 22.04.2021 14:38:56
