         Index            Ts             t             f             F             x         Phase            F0            x0            Tr            M'            M"            M*     tan_delta            C'            C"            C*
           [#]          [°C]           [s]          [Hz]           [N]          [um]         [rad]           [N]          [um]          [°C]         [MPa]         [MPa]         [MPa]            []       [1/MPa]       [1/MPa]       [1/MPa]
             0  2,26650e+001  2,20000e+001  9,99999e-001  0,00000e+000  1,01236e+002  2,79667e-001  0,00000e+000  1,97096e+002  2,50000e+001  0,00000e+000  0,00000e+000  0,00000e+000  0,00000e+000  0,00000e+000  0,00000e+000  0,00000e+000
             1  2,26553e+001  4,10000e+001  6,00000e+000  4,50000e-002  4,27240e+001  4,17044e-002  6,25000e-002  2,93688e+002  2,50000e+001  6,70537e+003  2,69970e+002  6,71081e+003  4,02617e-002  1,48893e-004  5,99468e-006  1,49013e-004
             2  2,26453e+001  5,90000e+001  1,10000e+001  6,71523e-002  4,27487e+001  1,81058e-002  1,28984e-001  3,49021e+002  2,50000e+001  1,00090e+004  1,54161e+002  1,00102e+004  1,54022e-002  9,98861e-005  1,53847e-006  9,98980e-005
             3  2,26413e+001  6,20000e+001  1,60000e+001  1,87030e-001  1,05382e+002  6,85064e-003  1,69991e-001  3,76215e+002  2,50000e+001  1,13098e+004  3,28550e+001  1,13099e+004  2,90500e-003  8,84181e-005  2,56855e-007  8,84185e-005
             4  2,26429e+001  7,40000e+001  2,10000e+001  1,89032e-001  1,03214e+002  5,61344e-003  1,93444e-001  3,92262e+002  2,50000e+001  1,16703e+004  5,04942e+000  1,16703e+004  4,32672e-004  8,56874e-005  3,70745e-008  8,56874e-005
             5  2,26487e+001  7,70000e+001  2,60000e+001  1,91614e-001  1,02650e+002  9,87291e-003  2,19834e-001  4,14446e+002  2,50000e+001  1,18935e+004  4,11633e+001  1,18936e+004  3,46100e-003  8,40786e-005  2,90996e-007  8,40791e-005
             6  2,26439e+001  8,60000e+001  3,10000e+001  1,91844e-001  9,92004e+001  9,05096e-003  2,43410e-001  4,30386e+002  2,50000e+001  1,23206e+004  1,73016e+001  1,23207e+004  1,40428e-003  8,11644e-005  1,13978e-007  8,11645e-005
             7  2,26437e+001  9,00000e+001  3,60000e+001  1,94547e-001  1,00654e+002  1,25923e-002  2,56624e-001  4,37551e+002  2,50000e+001  1,23117e+004  4,57277e+001  1,23118e+004  3,71416e-003  8,12223e-005  3,01673e-007  8,12228e-005
             8  2,26446e+001  9,90000e+001  4,10000e+001  1,90109e-001  9,94196e+001  1,30595e-002  2,64428e-001  4,41470e+002  2,50000e+001  1,21781e+004  3,58971e+001  1,21782e+004  2,94768e-003  8,21139e-005  2,42045e-007  8,21142e-005
             9  2,26496e+001  1,02000e+002  4,60000e+001  1,89618e-001  1,00383e+002  1,15711e-002  2,66014e-001  4,42292e+002  2,50000e+001  1,20276e+004  2,69783e+000  1,20276e+004  2,24303e-004  8,31421e-005  1,86490e-008  8,31421e-005
            10  2,26392e+001  1,10000e+002  5,10000e+001  1,89612e-001  1,01770e+002  7,89689e-003  2,64596e-001  4,41543e+002  2,50000e+001  1,18604e+004 -5,55816e+001  1,18605e+004 -4,68631e-003  8,43123e-005 -3,95114e-007  8,43132e-005
            11  2,26413e+001  1,14000e+002  5,60000e+001  1,84583e-001  1,00461e+002  3,91077e-003  2,63369e-001  4,41505e+002  2,50000e+001  1,16928e+004 -1,15865e+002  1,16934e+004 -9,90904e-003  8,55140e-005 -8,47362e-007  8,55182e-005
            12  2,26409e+001  1,23000e+002  6,10000e+001  1,79846e-001  9,92325e+001  7,11625e-004  2,62365e-001  4,41677e+002  2,50000e+001  1,15299e+004 -1,65389e+002  1,15311e+004 -1,43443e-002  8,67129e-005 -1,24384e-006  8,67219e-005
            13  2,27170e+001  1,37000e+002  6,60000e+001  1,76195e-001  9,85413e+001  2,11255e-003  2,61814e-001  4,42084e+002  2,50000e+001  1,13716e+004 -1,61196e+002  1,13728e+004 -1,41753e-002  8,79206e-005 -1,24630e-006  8,79295e-005
            14  2,26928e+001  1,56000e+002  7,10000e+001  1,75156e-001  9,93306e+001  7,12255e-003  2,61788e-001  4,42425e+002  2,50000e+001  1,12116e+004 -1,16533e+002  1,12122e+004 -1,03940e-002  8,91837e-005 -9,26975e-007  8,91885e-005
            15  2,26772e+001  1,61000e+002  7,60000e+001  1,74842e-001  1,00579e+002  1,29297e-002  2,62196e-001  4,42917e+002  2,50000e+001  1,10492e+004 -6,42516e+001  1,10494e+004 -5,81507e-003  9,05015e-005 -5,26272e-007  9,05030e-005
            16  2,26441e+001  1,70000e+002  8,10000e+001  1,69811e-001  9,92878e+001  1,39800e-002  2,62672e-001  4,43294e+002  2,50000e+001  1,08667e+004 -6,51613e+001  1,08669e+004 -5,99641e-003  9,20209e-005 -5,51795e-007  9,20225e-005
            17  2,26296e+001  1,79000e+002  8,60000e+001  1,69273e-001  1,00382e+002  9,20421e-003  2,62909e-001  4,43326e+002  2,50000e+001  1,07094e+004 -1,28596e+002  1,07102e+004 -1,20078e-002  9,33625e-005 -1,12108e-006  9,33692e-005
            18  2,26885e+001  1,89000e+002  9,10000e+001  1,68336e-001  1,01207e+002 -3,01337e-003  2,63381e-001  4,43646e+002  2,50000e+001  1,05561e+004 -2,68863e+002  1,05596e+004 -2,54698e-002  9,46701e-005 -2,41123e-006  9,47008e-005
            19  2,26759e+001  1,92000e+002  9,60000e+001  1,64579e-001  1,00366e+002 -1,62689e-002  2,64357e-001  4,44300e+002  2,50000e+001  1,03975e+004 -4,15701e+002  1,04058e+004 -3,99808e-002  9,60232e-005 -3,83908e-006  9,60999e-005
            20  2,27317e+001  2,04000e+002  1,01000e+002  1,60809e-001  9,94635e+001 -2,63139e-002  2,65357e-001  4,44908e+002  2,50000e+001  1,02414e+004 -5,25247e+002  1,02549e+004 -5,12864e-002  9,73864e-005 -4,99460e-006  9,75144e-005
cfrp, 22.04.2021 14:09:32
