         Index            Ts             t             f             F             x         Phase            F0            x0            Tr            M'            M"            M*     tan_delta            C'            C"            C*
           [#]          [°C]           [s]          [Hz]           [N]          [um]         [rad]           [N]          [um]          [°C]         [MPa]         [MPa]         [MPa]            []       [1/MPa]       [1/MPa]       [1/MPa]
             0  2,27690e+001  2,20000e+001  9,99999e-001  0,00000e+000  1,01350e+002 -1,63216e-001  0,00000e+000  1,31352e+002  2,50000e+001  0,00000e+000  0,00000e+000  0,00000e+000  0,00000e+000  0,00000e+000  0,00000e+000  0,00000e+000
             1  2,27611e+001  4,00000e+001  6,00000e+000  0,00000e+000  4,76107e+001  5,26851e-001  2,81250e-002  2,33590e+002  2,50000e+001  0,00000e+000  0,00000e+000  0,00000e+000  0,00000e+000  0,00000e+000  0,00000e+000  0,00000e+000
             2  2,27216e+001  5,80000e+001  1,10000e+001  7,00000e-002  3,82971e+001  1,12409e-002  9,87578e-002  3,10031e+002  2,50000e+001  1,16484e+004  9,93953e+001  1,16488e+004  8,53298e-003  8,58427e-005  7,32494e-007  8,58458e-005
             3  2,29454e+001  8,00000e+001  1,60000e+001  1,87952e-001  9,90889e+001  8,72486e-003  1,51052e-001  3,52088e+002  2,50000e+001  1,20879e+004  5,77897e+001  1,20881e+004  4,78078e-003  8,27253e-005  3,95491e-007  8,27262e-005
             4  2,29167e+001  8,30000e+001  2,10000e+001  1,94458e-001  1,01094e+002  8,56331e-003  1,79810e-001  3,74911e+002  2,50000e+001  1,22574e+004  4,14887e+001  1,22575e+004  3,38479e-003  8,15824e-005  2,76139e-007  8,15829e-005
             5  2,30212e+001  9,10000e+001  2,60000e+001  1,93263e-001  1,00834e+002  9,86343e-003  2,07647e-001  4,04108e+002  2,50000e+001  1,22121e+004  4,21509e+001  1,22121e+004  3,45158e-003  8,18852e-005  2,82633e-007  8,18857e-005
             6  2,29995e+001  9,40000e+001  3,10000e+001  1,93012e-001  1,01192e+002  1,25847e-002  2,34483e-001  4,26960e+002  2,50000e+001  1,21515e+004  6,00367e+001  1,21516e+004  4,94069e-003  8,22925e-005  4,06582e-007  8,22935e-005
             7  2,30014e+001  1,03000e+002  3,60000e+001  1,90170e-001  9,97309e+001  1,51441e-002  2,53856e-001  4,38872e+002  2,50000e+001  1,21459e+004  7,61291e+001  1,21461e+004  6,26788e-003  8,23291e-005  5,16029e-007  8,23307e-005
             8  2,29749e+001  1,06000e+002  4,10000e+001  1,89591e-001  1,00157e+002  1,26316e-002  2,63461e-001  4,43490e+002  2,50000e+001  1,20555e+004  3,03734e+001  1,20555e+004  2,51948e-003  8,29494e-005  2,08989e-007  8,29497e-005
             9  2,29558e+001  1,18000e+002  4,60000e+001  1,75132e-001  9,34938e+001  9,48487e-003  2,69017e-001  4,45663e+002  2,50000e+001  1,19272e+004 -2,22260e+001  1,19272e+004 -1,86346e-003  8,38415e-005 -1,56236e-007  8,38417e-005
            10  2,29190e+001  1,21000e+002  5,10000e+001  1,98946e-001  1,07580e+002  5,08511e-003  2,69915e-001  4,45832e+002  2,50000e+001  1,17719e+004 -8,82916e+001  1,17722e+004 -7,50020e-003  8,49433e-005 -6,37092e-007  8,49457e-005
            11  2,28592e+001  1,27000e+002  5,60000e+001  1,89383e-001  1,03773e+002  1,19368e-003  2,68504e-001  4,44825e+002  2,50000e+001  1,16136e+004 -1,46660e+002  1,16145e+004 -1,26284e-002  8,60926e-005 -1,08721e-006  8,60994e-005
            12  2,28201e+001  1,31000e+002  6,10000e+001  1,79457e-001  9,97041e+001 -1,01953e-003  2,67296e-001  4,44486e+002  2,50000e+001  1,14502e+004 -1,84085e+002  1,14517e+004 -1,60770e-002  8,73121e-005 -1,40372e-006  8,73234e-005
            13  2,28820e+001  1,49000e+002  6,60000e+001  1,78488e-001  1,00492e+002  1,79268e-003  2,66384e-001  4,44293e+002  2,50000e+001  1,12959e+004 -1,63738e+002  1,12971e+004 -1,44954e-002  8,85092e-005 -1,28298e-006  8,85185e-005
            14  2,29031e+001  1,52000e+002  7,10000e+001  1,75131e-001  9,99144e+001  8,42786e-003  2,66099e-001  4,44121e+002  2,50000e+001  1,11446e+004 -1,01278e+002  1,11451e+004 -9,08764e-003  8,97220e-005 -8,15361e-007  8,97257e-005
            15  2,28394e+001  1,66000e+002  7,60000e+001  1,70959e-001  9,88670e+001  1,43410e-002  2,66092e-001  4,44121e+002  2,50000e+001  1,09909e+004 -4,83903e+001  1,09910e+004 -4,40277e-003  9,09827e-005 -4,00576e-007  9,09836e-005
            16  2,27746e+001  1,79000e+002  8,10000e+001  1,70293e-001  9,99898e+001  1,53689e-002  2,66035e-001  4,44206e+002  2,50000e+001  1,08211e+004 -4,98469e+001  1,08212e+004 -4,60647e-003  9,24102e-005 -4,25685e-007  9,24112e-005
            17  2,27583e+001  1,88000e+002  8,60000e+001  1,68783e-001  1,00439e+002  8,11602e-003  2,65805e-001  4,44044e+002  2,50000e+001  1,06721e+004 -1,39770e+002  1,06730e+004 -1,30968e-002  9,36864e-005 -1,22699e-006  9,36944e-005
            18  2,27416e+001  2,00000e+002  9,10000e+001  1,67916e-001  1,01170e+002 -4,32469e-003  2,65324e-001  4,43637e+002  2,50000e+001  1,05334e+004 -2,82113e+002  1,05371e+004 -2,67829e-002  9,48685e-005 -2,54085e-006  9,49025e-005
            19  2,27259e+001  2,05000e+002  9,60000e+001  1,64718e-001  1,00456e+002 -1,85502e-002  2,65045e-001  4,43330e+002  2,50000e+001  1,03960e+004 -4,39412e+002  1,04053e+004 -4,22674e-002  9,60194e-005 -4,05849e-006  9,61051e-005
            20  2,26918e+001  2,17000e+002  1,01000e+002  1,60866e-001  9,94054e+001 -2,75377e-002  2,65000e-001  4,43194e+002  2,50000e+001  1,02505e+004 -5,38296e+002  1,02646e+004 -5,25143e-002  9,72883e-005 -5,10903e-006  9,74223e-005
cfrp, 22.04.2021 14:05:01
