         Index            Ts             t             f             F             x         Phase            F0            x0            Tr            M'            M"            M*     tan_delta            C'            C"            C*
           [#]          [°C]           [s]          [Hz]           [N]          [um]         [rad]           [N]          [um]          [°C]         [MPa]         [MPa]         [MPa]            []       [1/MPa]       [1/MPa]       [1/MPa]
             0  2,27315e+001  2,10000e+001  9,99999e-001  0,00000e+000  1,01041e+002 -3,42078e-002  0,00000e+000  1,30169e+002  2,50000e+001  0,00000e+000  0,00000e+000  0,00000e+000  0,00000e+000  0,00000e+000  0,00000e+000  0,00000e+000
             1  2,28319e+001  3,90000e+001  6,00000e+000  0,00000e+000  4,77215e+001  1,50914e+000  1,56250e-002  2,33828e+002  2,50000e+001  0,00000e+000  0,00000e+000  0,00000e+000  0,00000e+000  0,00000e+000  0,00000e+000  0,00000e+000
             2  2,26436e+001  5,70000e+001  1,10000e+001  6,00000e-002  4,00737e+001  2,93276e-002  7,50703e-002  3,12459e+002  2,50000e+001  9,53741e+003  2,54032e+002  9,54080e+003  2,66353e-002  1,04776e-004  2,79073e-006  1,04813e-004
             3  2,28716e+001  8,00000e+001  1,60000e+001  1,65122e-001  9,85780e+001  2,31100e-002  1,26984e-001  3,59555e+002  2,50000e+001  1,06719e+004  2,04657e+002  1,06739e+004  1,91772e-002  9,36695e-005  1,79632e-006  9,36868e-005
             4  2,28329e+001  8,30000e+001  2,10000e+001  1,76412e-001  1,02636e+002  1,87833e-002  1,55168e-001  3,85611e+002  2,50000e+001  1,09510e+004  1,49067e+002  1,09520e+004  1,36122e-002  9,12989e-005  1,24278e-006  9,13073e-005
             5  2,27459e+001  9,60000e+001  2,60000e+001  1,73833e-001  1,00299e+002  2,19996e-002  1,81291e-001  4,17396e+002  2,50000e+001  1,10409e+004  1,72205e+002  1,10423e+004  1,55970e-002  9,05502e-005  1,41231e-006  9,05612e-005
             6  2,27153e+001  9,90000e+001  3,10000e+001  1,74234e-001  1,00500e+002  1,99535e-002  2,06724e-001  4,42928e+002  2,50000e+001  1,10432e+004  1,35995e+002  1,10441e+004  1,23147e-002  9,05394e-005  1,11497e-006  9,05463e-005
             7  2,26377e+001  1,08000e+002  3,60000e+001  1,75104e-001  1,00048e+002  2,43050e-002  2,27179e-001  4,57436e+002  2,50000e+001  1,11465e+004  1,72054e+002  1,11478e+004  1,54358e-002  8,96932e-005  1,38449e-006  8,97039e-005
             8  2,25998e+001  1,12000e+002  4,10000e+001  1,78571e-001  1,02655e+002  2,52720e-002  2,39052e-001  4,64453e+002  2,50000e+001  1,10765e+004  1,68023e+002  1,10777e+004  1,51694e-002  9,02607e-005  1,36920e-006  9,02711e-005
             9  2,26094e+001  1,22000e+002  4,60000e+001  1,93107e-001  1,12324e+002  2,37826e-002  2,47196e-001  4,68805e+002  2,50000e+001  1,09451e+004  1,36207e+002  1,09459e+004  1,24446e-002  9,13509e-005  1,13683e-006  9,13580e-005
            10  2,26233e+001  1,25000e+002  5,10000e+001  1,70206e-001  1,00378e+002  1,94623e-002  2,50361e-001  4,70797e+002  2,50000e+001  1,07933e+004  7,43361e+001  1,07936e+004  6,88722e-003  9,26455e-005  6,38070e-007  9,26476e-005
            11  2,25918e+001  1,32000e+002  5,60000e+001  1,69066e-001  1,01146e+002  1,50621e-002  2,50754e-001  4,71234e+002  2,50000e+001  1,06371e+004  1,33023e+001  1,06371e+004  1,25056e-003  9,40105e-005  1,17566e-007  9,40105e-005
            12  2,26466e+001  1,35000e+002  6,10000e+001  1,64600e-001  1,00005e+002  1,26865e-002  2,50935e-001  4,71847e+002  2,50000e+001  1,04713e+004 -2,47103e+001  1,04713e+004 -2,35982e-003  9,54988e-005 -2,25360e-007  9,54990e-005
            13  2,25324e+001  1,53000e+002  6,60000e+001  1,60775e-001  9,92698e+001  1,37964e-002  2,50587e-001  4,72041e+002  2,50000e+001  1,03006e+004 -2,55681e+001  1,03006e+004 -2,48220e-003  9,70811e-005 -2,40974e-007  9,70814e-005
            14  2,25476e+001  1,65000e+002  7,10000e+001  1,60589e-001  1,00837e+002  1,81634e-002  2,50099e-001  4,71982e+002  2,50000e+001  1,01255e+004  6,62950e+000  1,01255e+004  6,54733e-004  9,87605e-005  6,46617e-008  9,87605e-005
            15  2,26939e+001  1,77000e+002  7,60000e+001  1,55747e-001  9,95198e+001  2,22577e-002  2,49926e-001  4,71919e+002  2,50000e+001  9,94660e+003  3,50028e+001  9,94666e+003  3,51907e-003  1,00536e-004  3,53792e-007  1,00536e-004
            16  2,26656e+001  1,82000e+002  8,10000e+001  1,54026e-001  1,00240e+002  2,74958e-002  2,49706e-001  4,71914e+002  2,50000e+001  9,76214e+003  7,34908e+001  9,76242e+003  7,52814e-003  1,02431e-004  7,71113e-007  1,02434e-004
            17  2,25660e+001  1,95000e+002  8,60000e+001  1,53029e-001  1,01116e+002  2,72162e-002  2,48823e-001  4,71242e+002  2,50000e+001  9,61126e+003  5,78244e+001  9,61144e+003  6,01632e-003  1,04041e-004  6,25943e-007  1,04043e-004
            18  2,25119e+001  2,04000e+002  9,10000e+001  1,49404e-001  1,00131e+002  1,80144e-002  2,46721e-001  4,69931e+002  2,50000e+001  9,47204e+003 -4,18921e+001  9,47213e+003 -4,42271e-003  1,05572e-004 -4,66914e-007  1,05573e-004
            19  2,24902e+001  2,13000e+002  9,60000e+001  1,46009e-001  9,92466e+001  1,77073e-002  2,44384e-001  4,68536e+002  2,50000e+001  9,33507e+003 -5,56492e+001  9,33523e+003 -5,96130e-003  1,07119e-004 -6,38570e-007  1,07121e-004
            20  2,24797e+001  2,18000e+002  1,01000e+002  1,45037e-001  9,99210e+001  2,37029e-002  2,43214e-001  4,68258e+002  2,50000e+001  9,20620e+003 -1,09845e+001  9,20621e+003 -1,19317e-003  1,08622e-004 -1,29605e-007  1,08622e-004
cfrp, 22.04.2021 14:34:29
