         Index            Ts             t             f             F             x         Phase            F0            x0            Tr            M'            M"            M*     tan_delta            C'            C"            C*
           [#]          [°C]           [s]          [Hz]           [N]          [um]         [rad]           [N]          [um]          [°C]         [MPa]         [MPa]         [MPa]            []       [1/MPa]       [1/MPa]       [1/MPa]
             0  2,24356e+001  2,10000e+001  9,99999e-001  0,00000e+000  1,01110e+002 -5,73907e-001  0,00000e+000  1,30108e+002  2,50000e+001  0,00000e+000  0,00000e+000  0,00000e+000  0,00000e+000  0,00000e+000  0,00000e+000  0,00000e+000
             1  2,24254e+001  4,00000e+001  6,00000e+000  0,00000e+000  4,77738e+001  1,94648e+000  1,56250e-002  2,33807e+002  2,50000e+001  0,00000e+000  0,00000e+000  0,00000e+000  0,00000e+000  0,00000e+000  0,00000e+000  0,00000e+000
             2  2,24152e+001  5,90000e+001  1,10000e+001  6,00000e-002  4,01223e+001  3,36572e-002  7,50703e-002  3,12545e+002  2,50000e+001  9,52466e+003  2,94988e+002  9,52923e+003  3,09709e-002  1,04890e-004  3,24854e-006  1,04940e-004
             3  2,26123e+001  8,00000e+001  1,60000e+001  1,65335e-001  9,89296e+001  2,21979e-002  1,26984e-001  3,59859e+002  2,50000e+001  1,06479e+004  1,94474e+002  1,06496e+004  1,82641e-002  9,38843e-005  1,71472e-006  9,38999e-005
             4  2,26662e+001  8,30000e+001  2,10000e+001  1,77414e-001  1,02162e+002  1,73360e-002  1,55168e-001  3,85958e+002  2,50000e+001  1,10646e+004  1,34587e+002  1,10654e+004  1,21637e-002  9,03649e-005  1,09918e-006  9,03715e-005
             5  2,26958e+001  9,60000e+001  2,60000e+001  1,77138e-001  1,01675e+002  2,15677e-002  1,81291e-001  4,18305e+002  2,50000e+001  1,10986e+004  1,68308e+002  1,10999e+004  1,51647e-002  9,00806e-005  1,36605e-006  9,00909e-005
             6  2,27206e+001  9,90000e+001  3,10000e+001  1,77191e-001  1,01705e+002  1,99650e-002  2,06599e-001  4,43887e+002  2,50000e+001  1,10976e+004  1,36792e+002  1,10985e+004  1,23262e-002  9,00958e-005  1,11054e-006  9,01026e-005
             7  2,26251e+001  1,10000e+002  3,60000e+001  1,74791e-001  9,96365e+001  2,37437e-002  2,26622e-001  4,58182e+002  2,50000e+001  1,11726e+004  1,66181e+002  1,11738e+004  1,48740e-002  8,94853e-005  1,33101e-006  8,94952e-005
             8  2,26025e+001  1,13000e+002  4,10000e+001  1,75136e-001  1,00460e+002  2,50833e-002  2,37805e-001  4,65054e+002  2,50000e+001  1,11008e+004  1,66297e+002  1,11020e+004  1,49806e-002  9,00635e-005  1,34921e-006  9,00736e-005
             9  2,25664e+001  1,20000e+002  4,60000e+001  1,68660e-001  9,77841e+001  2,55069e-002  2,44831e-001  4,69133e+002  2,50000e+001  1,09807e+004  1,55601e+002  1,09818e+004  1,41704e-002  9,10503e-005  1,29022e-006  9,10595e-005
            10  2,25514e+001  1,23000e+002  5,10000e+001  1,73752e-001  1,02095e+002  2,23117e-002  2,46946e-001  4,70158e+002  2,50000e+001  1,08327e+004  1,05496e+002  1,08332e+004  9,73868e-003  9,23047e-005  8,98926e-007  9,23091e-005
            11  2,24984e+001  1,31000e+002  5,60000e+001  1,69040e-001  1,00810e+002  1,96638e-002  2,47388e-001  4,70317e+002  2,50000e+001  1,06708e+004  6,24814e+001  1,06710e+004  5,85537e-003  9,37105e-005  5,48709e-007  9,37121e-005
            12  2,24866e+001  1,35000e+002  6,10000e+001  1,64505e-001  9,96245e+001  1,82947e-002  2,48167e-001  4,71160e+002  2,50000e+001  1,05052e+004  3,41635e+001  1,05053e+004  3,25204e-003  9,51896e-005  3,09560e-007  9,51901e-005
            13  2,24503e+001  1,44000e+002  6,60000e+001  1,61029e-001  9,90556e+001  2,18190e-002  2,48535e-001  4,71183e+002  2,50000e+001  1,03391e+004  5,73352e+001  1,03392e+004  5,54548e-003  9,67174e-005  5,36345e-007  9,67189e-005
            14  2,24360e+001  1,53000e+002  7,10000e+001  1,60123e-001  1,00143e+002  2,66304e-002  2,48694e-001  4,70691e+002  2,50000e+001  1,01657e+004  9,27861e+001  1,01661e+004  9,12734e-003  9,83616e-005  8,97780e-007  9,83657e-005
            15  2,24292e+001  1,64000e+002  7,60000e+001  1,55963e-001  9,93277e+001  3,11742e-002  2,48579e-001  4,70504e+002  2,50000e+001  9,97901e+003  1,24155e+002  9,97978e+003  1,24416e-002  1,00195e-004  1,24658e-006  1,00203e-004
            16  2,24277e+001  1,68000e+002  8,10000e+001  1,53962e-001  1,00287e+002  3,26939e-002  2,48761e-001  4,70455e+002  2,50000e+001  9,75305e+003  1,24155e+002  9,75384e+003  1,27299e-002  1,02515e-004  1,30501e-006  1,02524e-004
            17  2,25371e+001  1,77000e+002  8,60000e+001  4,52099e-002  3,00087e+001  3,13475e-002  2,48931e-001  4,69933e+002  2,50000e+001  9,56745e+003  9,71120e+001  9,56795e+003  1,01502e-002  1,04510e-004  1,06080e-006  1,04516e-004
            18  2,25081e+001  1,82000e+002  9,10000e+001  1,48643e-001  1,00495e+002  1,66445e-002  2,47906e-001  4,68722e+002  2,50000e+001  9,38951e+003 -5,43970e+001  9,38967e+003 -5,79338e-003  1,06498e-004 -6,16985e-007  1,06500e-004
            19  2,25392e+001  1,89000e+002  9,60000e+001  1,45093e-001  1,00020e+002  1,44958e-002  2,45375e-001  4,66964e+002  2,50000e+001  9,20445e+003 -8,44483e+001  9,20484e+003 -9,17473e-003  1,08634e-004 -9,96687e-007  1,08639e-004
            20  2,25027e+001  2,00000e+002  1,01000e+002  1,40914e-001  9,92316e+001  1,88074e-002  2,43012e-001  4,65769e+002  2,50000e+001  9,00632e+003 -5,48618e+001  9,00649e+003 -6,09148e-003  1,11029e-004 -6,76331e-007  1,11031e-004
cfrp, 22.04.2021 14:43:51
