         Index            Ts             t             f             F             x         Phase            F0            x0            Tr            M'            M"            M*     tan_delta            C'            C"            C*
           [#]          [°C]           [s]          [Hz]           [N]          [um]         [rad]           [N]          [um]          [°C]         [MPa]         [MPa]         [MPa]            []       [1/MPa]       [1/MPa]       [1/MPa]
             0  2,19704e+001  2,00000e+001  9,99999e-001  1,95000e-001  7,62623e+001  4,94766e-002  3,00000e-002  1,74286e+002  2,50000e+001  1,45273e+003  7,16143e+001  1,45449e+003  4,92965e-002  6,86692e-004  3,38516e-005  6,87526e-004
             1  2,22289e+001  3,80000e+001  6,00000e+000  2,15145e-001  1,92928e+001  5,53970e-002  3,62812e-001  2,17345e+002  2,50000e+001  6,34733e+003  3,43492e+002  6,35662e+003  5,41160e-002  1,57087e-004  8,50089e-006  1,57316e-004
             2  2,20756e+001  5,80000e+001  1,10000e+001  2,57198e-001  1,42357e+001  3,94865e-002  5,73375e-001  2,40615e+002  2,50000e+001  1,03087e+004  3,80926e+002  1,03157e+004  3,69520e-002  9,68735e-005  3,57967e-006  9,69396e-005
             3  2,21639e+001  7,90000e+001  1,60000e+001  1,02170e+000  4,93280e+001  3,22402e-002  8,27219e-001  2,59443e+002  2,50000e+001  1,18283e+004  3,36444e+002  1,18331e+004  2,84440e-002  8,44747e-005  2,40280e-006  8,45088e-005
             4  2,21393e+001  8,20000e+001  2,10000e+001  9,82518e-001  4,43033e+001  2,97856e-002  9,77107e-001  2,69730e+002  2,50000e+001  1,26694e+004  3,13486e+002  1,26733e+004  2,47435e-002  7,88821e-005  1,95182e-006  7,89062e-005
             5  2,22959e+001  9,40000e+001  2,60000e+001  9,97683e-001  4,11469e+001  3,01365e-002  1,11948e+000  2,81535e+002  2,50000e+001  1,38576e+004  3,30752e+002  1,38616e+004  2,38678e-002  7,21212e-005  1,72138e-006  7,21418e-005
             6  2,22844e+001  9,70000e+001  3,10000e+001  1,01379e+000  4,03974e+001  2,90439e-002  1,24001e+000  2,90393e+002  2,50000e+001  1,43445e+004  3,08857e+002  1,43478e+004  2,15314e-002  6,96809e-005  1,50033e-006  6,96970e-005
             7  2,23096e+001  1,06000e+002  3,60000e+001  7,10723e-001  2,86072e+001  3,02268e-002  1,32606e+000  2,96127e+002  2,50000e+001  1,41978e+004  3,04961e+002  1,42011e+004  2,14794e-002  7,04009e-005  1,51217e-006  7,04171e-005
             8  2,23192e+001  1,09000e+002  4,10000e+001  1,00494e+000  4,05546e+001  3,15596e-002  1,39259e+000  2,99980e+002  2,50000e+001  1,41583e+004  3,05529e+002  1,41616e+004  2,15794e-002  7,05969e-005  1,52344e-006  7,06134e-005
             9  2,22481e+001  1,18000e+002  4,60000e+001  9,85801e-001  3,98428e+001  3,23889e-002  1,44574e+000  3,02694e+002  2,50000e+001  1,41339e+004  2,99255e+002  1,41371e+004  2,11729e-002  7,07201e-005  1,49735e-006  7,07359e-005
            10  2,21987e+001  1,22000e+002  5,10000e+001  9,97909e-001  4,03573e+001  3,30981e-002  1,46083e+000  3,03401e+002  2,50000e+001  1,41220e+004  2,91561e+002  1,41251e+004  2,06458e-002  7,07811e-005  1,46133e-006  7,07962e-005
            11  2,21870e+001  1,31000e+002  5,60000e+001  1,00726e+000  4,07227e+001  3,38824e-002  1,45979e+000  3,03298e+002  2,50000e+001  1,41231e+004  2,85211e+002  1,41260e+004  2,01946e-002  7,07770e-005  1,42931e-006  7,07914e-005
            12  2,22146e+001  1,42000e+002  6,10000e+001  1,01584e+000  4,10474e+001  3,49211e-002  1,45895e+000  3,03418e+002  2,50000e+001  1,41270e+004  2,82536e+002  1,41299e+004  1,99996e-002  7,07579e-005  1,41513e-006  7,07721e-005
            13  2,21817e+001  1,45000e+002  6,60000e+001  1,01580e+000  4,10327e+001  3,61833e-002  1,45789e+000  3,03682e+002  2,50000e+001  1,41273e+004  2,82967e+002  1,41301e+004  2,00298e-002  7,07566e-005  1,41724e-006  7,07708e-005
            14  2,21826e+001  1,54000e+002  7,10000e+001  1,00251e+000  4,04760e+001  3,77392e-002  1,45745e+000  3,04018e+002  2,50000e+001  1,41297e+004  2,87621e+002  1,41326e+004  2,03557e-002  7,07435e-005  1,44004e-006  7,07582e-005
            15  2,22442e+001  1,67000e+002  7,60000e+001  1,01413e+000  4,09022e+001  3,92439e-002  1,45717e+000  3,04301e+002  2,50000e+001  1,41397e+004  2,91710e+002  1,41427e+004  2,06306e-002  7,06926e-005  1,45843e-006  7,07077e-005
            16  2,22953e+001  1,78000e+002  8,10000e+001  1,01010e+000  4,06703e+001  4,08542e-002  1,45590e+000  3,04522e+002  2,50000e+001  1,41587e+004  2,97504e+002  1,41618e+004  2,10121e-002  7,05968e-005  1,48338e-006  7,06124e-005
            17  2,23518e+001  1,82000e+002  8,60000e+001  1,00121e+000  4,02594e+001  4,20541e-002  1,45471e+000  3,04797e+002  2,50000e+001  1,41719e+004  2,97335e+002  1,41750e+004  2,09806e-002  7,05311e-005  1,47979e-006  7,05466e-005
            18  2,23133e+001  1,93000e+002  9,10000e+001  9,95676e-001  3,99872e+001  4,33947e-002  1,45435e+000  3,05137e+002  2,50000e+001  1,41837e+004  2,99151e+002  1,41869e+004  2,10911e-002  7,04719e-005  1,48633e-006  7,04876e-005
            19  2,22779e+001  2,15000e+002  9,60000e+001  1,00943e+000  4,04884e+001  4,46440e-002  1,45365e+000  3,05525e+002  2,50000e+001  1,41956e+004  2,99670e+002  1,41988e+004  2,11100e-002  7,04130e-005  1,48642e-006  7,04287e-005
            20  2,23409e+001  2,24000e+002  1,01000e+002  1,00469e+000  4,02424e+001  4,55686e-002  1,45044e+000  3,06060e+002  2,50000e+001  1,42090e+004  2,95581e+002  1,42121e+004  2,08024e-002  7,03476e-005  1,46340e-006  7,03628e-005
cfrp_f1_1-100-5Hz_1N, 18.04.2021 19:00:54
