         Index            Ts             t             f             F             x         Phase            F0            x0            Tr            M'            M"            M*     tan_delta            C'            C"            C*
           [#]          [°C]           [s]          [Hz]           [N]          [um]         [rad]           [N]          [um]          [°C]         [MPa]         [MPa]         [MPa]            []       [1/MPa]       [1/MPa]       [1/MPa]
             0  2,10297e+001  1,20000e+001  9,99999e-001  1,55000e-001  6,24567e+001  1,63002e-002  3,55000e-001  2,38737e+002  2,50000e+001  1,97998e+004  3,18164e+002  1,98023e+004  1,60691e-002  5,04926e-005  8,11370e-007  5,04991e-005
             1  2,10395e+001  2,10000e+001  6,00000e+000  8,92003e-002  3,60755e+001  1,59396e-002  3,48750e-001  2,32118e+002  2,50000e+001  1,97271e+004  2,85570e+002  1,97292e+004  1,44760e-002  5,06811e-005  7,33660e-007  5,06864e-005
             2  2,10565e+001  3,20000e+001  1,10000e+001  2,46370e-001  1,00321e+002  1,52181e-002  3,45109e-001  2,30074e+002  2,50000e+001  1,95928e+004  2,45273e+002  1,95943e+004  1,25185e-002  5,10312e-005  6,38836e-007  5,10352e-005
             3  2,10204e+001  4,30000e+001  1,60000e+001  2,45230e-001  1,00170e+002  1,32544e-002  3,42200e-001  2,28694e+002  2,50000e+001  1,95308e+004  1,81977e+002  1,95317e+004  9,31743e-003  5,11966e-005  4,77021e-007  5,11989e-005
             4  2,10036e+001  4,60000e+001  2,10000e+001  2,45323e-001  1,00347e+002  1,35095e-002  3,40467e-001  2,27305e+002  2,50000e+001  1,95024e+004  1,62610e+002  1,95031e+004  8,33797e-003  5,12722e-005  4,27506e-007  5,12740e-005
             5  2,09264e+001  5,50000e+001  2,60000e+001  2,45035e-001  1,00520e+002  1,42536e-002  3,38531e-001  2,26172e+002  2,50000e+001  1,94439e+004  1,52596e+002  1,94445e+004  7,84804e-003  5,14269e-005  4,03600e-007  5,14285e-005
             6  2,09094e+001  5,80000e+001  3,10000e+001  2,44685e-001  1,00636e+002  1,51150e-002  3,37067e-001  2,25729e+002  2,50000e+001  1,93910e+004  1,44962e+002  1,93916e+004  7,47570e-003  5,15673e-005  3,85502e-007  5,15688e-005
             7  2,09444e+001  6,80000e+001  3,60000e+001  2,43978e-001  1,00500e+002  1,51596e-002  3,36677e-001  2,25580e+002  2,50000e+001  1,93584e+004  1,21681e+002  1,93588e+004  6,28571e-003  5,16552e-005  3,24690e-007  5,16562e-005
             8  2,09603e+001  7,10000e+001  4,10000e+001  2,44815e-001  1,01023e+002  1,47964e-002  3,36587e-001  2,25436e+002  2,50000e+001  1,93209e+004  9,05687e+001  1,93211e+004  4,68761e-003  5,17564e-005  2,42614e-007  5,17570e-005
             9  2,09747e+001  8,20000e+001  4,60000e+001  2,49599e-001  1,03378e+002  1,32498e-002  3,36264e-001  2,25050e+002  2,50000e+001  1,92460e+004  3,66624e+001  1,92461e+004  1,90493e-003  5,19586e-005  9,89776e-008  5,19587e-005
            10  2,09418e+001  8,50000e+001  5,10000e+001  2,40955e-001  1,00242e+002  1,08462e-002  3,36115e-001  2,25083e+002  2,50000e+001  1,91562e+004 -3,32444e+001  1,91563e+004 -1,73543e-003  5,22022e-005 -9,05935e-008  5,22023e-005
            11  2,08819e+001  9,20000e+001  5,60000e+001  2,39472e-001  1,00155e+002  9,70968e-003  3,36106e-001  2,25395e+002  2,50000e+001  1,90499e+004 -7,82417e+001  1,90500e+004 -4,10720e-003  5,24929e-005 -2,15599e-007  5,24933e-005
            12  2,08364e+001  9,70000e+001  6,10000e+001  2,38631e-001  1,00377e+002  1,04355e-002  3,35974e-001  2,25829e+002  2,50000e+001  1,89358e+004 -8,73754e+001  1,89360e+004 -4,61431e-003  5,28090e-005 -2,43677e-007  5,28096e-005
            13  2,09468e+001  1,06000e+002  6,60000e+001  6,94306e-002  2,93803e+001  1,35314e-002  3,35661e-001  2,25979e+002  2,50000e+001  1,88173e+004 -5,17211e+001  1,88174e+004 -2,74859e-003  5,31421e-005 -1,46066e-007  5,31423e-005
            14  2,10473e+001  1,21000e+002  7,10000e+001  2,35403e-001  1,00228e+002  1,72225e-002  3,35508e-001  2,26044e+002  2,50000e+001  1,86959e+004 -5,36330e+000  1,86959e+004 -2,86870e-004  5,34876e-005 -1,53440e-008  5,34876e-005
            15  2,10508e+001  1,24000e+002  7,60000e+001  2,31021e-001  9,89770e+001  1,95673e-002  3,35546e-001  2,26172e+002  2,50000e+001  1,85734e+004  1,53664e+001  1,85734e+004  8,27336e-004  5,38404e-005  4,45441e-008  5,38404e-005
            16  2,10308e+001  1,36000e+002  8,10000e+001  2,33609e-001  1,00986e+002  1,89865e-002  3,35517e-001  2,26506e+002  2,50000e+001  1,84009e+004 -1,81589e+001  1,84009e+004 -9,86850e-004  5,43451e-005 -5,36305e-008  5,43451e-005
            17  2,10680e+001  1,48000e+002  8,60000e+001  2,29420e-001  9,99928e+001  1,55348e-002  3,35403e-001  2,26832e+002  2,50000e+001  1,82429e+004 -1,03524e+002  1,82432e+004 -5,67477e-003  5,48140e-005 -3,11057e-007  5,48149e-005
            18  2,10843e+001  1,57000e+002  9,10000e+001  2,28971e-001  1,00528e+002  5,30656e-003  3,35699e-001  2,27334e+002  2,50000e+001  1,81004e+004 -3,10375e+002  1,81031e+004 -1,71474e-002  5,52311e-005 -9,47068e-007  5,52392e-005
            19  2,10800e+001  1,61000e+002  9,60000e+001  2,27858e-001  1,00815e+002 -2,34752e-003  3,36545e-001  2,27853e+002  2,50000e+001  1,79497e+004 -4,67505e+002  1,79558e+004 -2,60453e-002  5,56735e-005 -1,45003e-006  5,56924e-005
            20  2,10789e+001  1,70000e+002  1,01000e+002  2,21774e-001  9,91705e+001 -4,98986e-003  3,38071e-001  2,28712e+002  2,50000e+001  1,77500e+004 -5,31160e+002  1,77579e+004 -2,99246e-002  5,62878e-005 -1,68439e-006  5,63130e-005
cfrp_f1_100_5_1N, 21.04.2021 13:00:59
