         Index            Ts             t             f             F             x         Phase            F0            x0            Tr            M'            M"            M*     tan_delta            C'            C"            C*
           [#]          [°C]           [s]          [Hz]           [N]          [um]         [rad]           [N]          [um]          [°C]         [MPa]         [MPa]         [MPa]            []       [1/MPa]       [1/MPa]       [1/MPa]
             0  2,12624e+001  2,20000e+001  9,99999e-001  2,10000e-001  8,98300e+001  2,27063e-002  1,85000e-001  1,62687e+002  2,50000e+001  1,86476e+004  4,19261e+002  1,86523e+004  2,24834e-002  5,35991e-005  1,20509e-006  5,36127e-005
             1  2,12500e+001  4,70000e+001  6,00000e+000  1,88951e-001  7,86710e+001  1,50575e-002  2,75625e-001  1,99504e+002  2,50000e+001  1,91618e+004  2,60453e+002  1,91636e+004  1,35923e-002  5,21776e-005  7,09214e-007  5,21824e-005
             2  2,12420e+001  5,60000e+001  1,10000e+001  2,44478e-001  1,00866e+002  1,27655e-002  3,02094e-001  2,10631e+002  2,50000e+001  1,93375e+004  1,94589e+002  1,93385e+004  1,00628e-002  5,17078e-005  5,20324e-007  5,17104e-005
             3  2,12476e+001  6,40000e+001  1,60000e+001  2,44466e-001  1,00966e+002  1,14247e-002  3,12861e-001  2,15231e+002  2,50000e+001  1,93165e+004  1,44593e+002  1,93171e+004  7,48543e-003  5,17662e-005  3,87493e-007  5,17677e-005
             4  2,12485e+001  6,80000e+001  2,10000e+001  2,45042e-001  1,00610e+002  1,08388e-002  3,19390e-001  2,17865e+002  2,50000e+001  1,94293e+004  1,10049e+002  1,94296e+004  5,66406e-003  5,14669e-005  2,91512e-007  5,14678e-005
             5  2,12226e+001  7,60000e+001  2,60000e+001  2,44792e-001  1,00498e+002  1,13909e-002  3,30880e-001  2,22535e+002  2,50000e+001  1,94291e+004  9,67972e+001  1,94294e+004  4,98207e-003  5,14679e-005  2,56417e-007  5,14685e-005
             6  2,12059e+001  7,90000e+001  3,10000e+001  2,42019e-001  9,95158e+001  1,35572e-002  3,35196e-001  2,24543e+002  2,50000e+001  1,93960e+004  1,14749e+002  1,93963e+004  5,91612e-003  5,15553e-005  3,05007e-007  5,15562e-005
             7  2,12180e+001  9,10000e+001  3,60000e+001  2,43732e-001  1,00592e+002  1,46140e-002  3,35814e-001  2,24851e+002  2,50000e+001  1,93212e+004  1,10894e+002  1,93216e+004  5,73951e-003  5,17548e-005  2,97047e-007  5,17557e-005
             8  2,12259e+001  9,40000e+001  4,10000e+001  2,43836e-001  1,01070e+002  1,49440e-002  3,35948e-001  2,25139e+002  2,50000e+001  1,92346e+004  9,30062e+001  1,92348e+004  4,83537e-003  5,19886e-005  2,51384e-007  5,19892e-005
             9  2,12272e+001  1,03000e+002  4,60000e+001  2,40271e-001  1,00137e+002  1,39428e-002  3,35675e-001  2,25265e+002  2,50000e+001  1,91262e+004  4,97023e+001  1,91263e+004  2,59865e-003  5,22839e-005  1,35868e-007  5,22841e-005
            10  2,12104e+001  1,07000e+002  5,10000e+001  2,39729e-001  1,00507e+002  1,15768e-002  3,35582e-001  2,25411e+002  2,50000e+001  1,90085e+004 -1,90847e+001  1,90085e+004 -1,00401e-003  5,26080e-005 -5,28189e-008  5,26080e-005
            11  2,12324e+001  1,13000e+002  5,60000e+001  2,38355e-001  1,00545e+002  9,83558e-003  3,35575e-001  2,25662e+002  2,50000e+001  1,88874e+004 -7,51931e+001  1,88876e+004 -3,98112e-003  5,29445e-005 -2,10778e-007  5,29449e-005
            12  2,12404e+001  1,18000e+002  6,10000e+001  2,34968e-001  9,97068e+001  9,24684e-003  3,35570e-001  2,25908e+002  2,50000e+001  1,87702e+004 -1,08947e+002  1,87705e+004 -5,80427e-003  5,32743e-005 -3,09218e-007  5,32752e-005
            13  2,12661e+001  1,27000e+002  6,60000e+001  2,34793e-001  1,00196e+002  1,20979e-002  3,35690e-001  2,25981e+002  2,50000e+001  1,86591e+004 -7,80638e+001  1,86593e+004 -4,18368e-003  5,35921e-005 -2,24212e-007  5,35926e-005
            14  2,12633e+001  1,45000e+002  7,10000e+001  2,31225e-001  9,91772e+001  1,67894e-002  3,36115e-001  2,26315e+002  2,50000e+001  1,85585e+004 -1,33706e+001  1,85585e+004 -7,20453e-004  5,38835e-005 -3,88205e-008  5,38835e-005
            15  2,12722e+001  1,49000e+002  7,60000e+001  2,31681e-001  9,98534e+001  2,10408e-002  3,36551e-001  2,26698e+002  2,50000e+001  1,84628e+004  4,25099e+001  1,84629e+004  2,30246e-003  5,41627e-005  1,24708e-007  5,41628e-005
            16  2,12787e+001  1,60000e+002  8,10000e+001  2,29630e-001  9,97220e+001  2,12794e-002  3,36761e-001  2,26953e+002  2,50000e+001  1,83167e+004  2,39674e+001  1,83167e+004  1,30850e-003  5,45948e-005  7,14374e-008  5,45949e-005
            17  2,13118e+001  1,72000e+002  8,60000e+001  2,29060e-001  1,00109e+002  1,74680e-002  3,37044e-001  2,27032e+002  2,50000e+001  1,81934e+004 -6,80325e+001  1,81935e+004 -3,73941e-003  5,49643e-005 -2,05534e-007  5,49647e-005
            18  2,12933e+001  1,81000e+002  9,10000e+001  2,28662e-001  1,00517e+002  5,27264e-003  3,37342e-001  2,27069e+002  2,50000e+001  1,80779e+004 -3,10602e+002  1,80806e+004 -1,71813e-002  5,52998e-005 -9,50123e-007  5,53080e-005
            19  2,12867e+001  1,85000e+002  9,60000e+001  2,27924e-001  1,00928e+002 -3,80919e-003  3,37286e-001  2,27059e+002  2,50000e+001  1,79341e+004 -4,93358e+002  1,79409e+004 -2,75095e-002  5,57175e-005 -1,53276e-006  5,57386e-005
            20  2,12781e+001  1,99000e+002  1,01000e+002  2,21833e-001  9,93224e+001 -8,30483e-003  3,37071e-001  2,27337e+002  2,50000e+001  1,77257e+004 -5,89311e+002  1,77354e+004 -3,32462e-002  5,63531e-005 -1,87353e-006  5,63843e-005
cfrp_f1_100_5_1N, 21.04.2021 13:09:44
