         Index            Ts             t             f             F             x         Phase            F0            x0            Tr            M'            M"            M*     tan_delta            C'            C"            C*
           [#]          [°C]           [s]          [Hz]           [N]          [um]         [rad]           [N]          [um]          [°C]         [MPa]         [MPa]         [MPa]            []       [1/MPa]       [1/MPa]       [1/MPa]
             0  2,09965e+001  1,00000e+001  9,99999e-001  1,55000e-001  6,23433e+001  1,53346e-002  3,50000e-001  2,32069e+002  2,50000e+001  1,98361e+004  2,99569e+002  1,98384e+004  1,51022e-002  5,04016e-005  7,61174e-007  5,04073e-005
             1  2,10187e+001  4,00000e+001  6,00000e+000  2,49219e-001  1,01219e+002  1,44070e-002  3,46875e-001  2,29696e+002  2,50000e+001  1,96441e+004  2,54222e+002  1,96458e+004  1,29413e-002  5,08972e-005  6,58678e-007  5,09015e-005
             2  2,09338e+001  5,00000e+001  1,10000e+001  2,45878e-001  1,00484e+002  1,44578e-002  3,44055e-001  2,28671e+002  2,50000e+001  1,95221e+004  2,29526e+002  1,95235e+004  1,17572e-002  5,12168e-005  6,02168e-007  5,12203e-005
             3  2,08796e+001  6,10000e+001  1,60000e+001  2,45280e-001  1,00402e+002  1,25989e-002  3,42890e-001  2,29221e+002  2,50000e+001  1,94897e+004  1,68803e+002  1,94905e+004  8,66114e-003  5,13052e-005  4,44362e-007  5,13071e-005
             4  2,08985e+001  6,40000e+001  2,10000e+001  2,45065e-001  1,00575e+002  1,25806e-002  3,44333e-001  2,29800e+002  2,50000e+001  1,94377e+004  1,43993e+002  1,94383e+004  7,40789e-003  5,14435e-005  3,81088e-007  5,14449e-005
             5  2,09001e+001  7,10000e+001  2,60000e+001  2,44661e-001  1,00482e+002  1,38341e-002  3,43510e-001  2,29659e+002  2,50000e+001  1,94216e+004  1,44264e+002  1,94222e+004  7,42801e-003  5,14862e-005  3,82440e-007  5,14876e-005
             6  2,09201e+001  7,60000e+001  3,10000e+001  2,44405e-001  1,00873e+002  1,54594e-002  3,42821e-001  2,29622e+002  2,50000e+001  1,93233e+004  1,51118e+002  1,93239e+004  7,82049e-003  5,17479e-005  4,04694e-007  5,17494e-005
             7  2,09423e+001  8,30000e+001  3,60000e+001  2,43486e-001  1,00808e+002  1,67290e-002  3,42226e-001  2,29725e+002  2,50000e+001  1,92600e+004  1,51325e+002  1,92606e+004  7,85693e-003  5,19177e-005  4,07914e-007  5,19194e-005
             8  2,09190e+001  8,60000e+001  4,10000e+001  2,40684e-001  9,99827e+001  1,65659e-002  3,41641e-001  2,30016e+002  2,50000e+001  1,91922e+004  1,23963e+002  1,91926e+004  6,45904e-003  5,21025e-005  3,36532e-007  5,21036e-005
             9  2,09342e+001  9,80000e+001  4,60000e+001  2,24546e-001  9,37271e+001  1,56238e-002  3,41062e-001  2,30235e+002  2,50000e+001  1,90967e+004  8,17635e+001  1,90969e+004  4,28156e-003  5,23642e-005  2,24200e-007  5,23646e-005
            10  2,09458e+001  1,01000e+002  5,10000e+001  2,45297e-001  1,02928e+002  1,35934e-002  3,40465e-001  2,30140e+002  2,50000e+001  1,89924e+004  1,92730e+001  1,89924e+004  1,01478e-003  5,26526e-005  5,34306e-008  5,26526e-005
            11  2,10097e+001  1,15000e+002  5,60000e+001  2,37667e-001  1,00263e+002  1,15580e-002  3,39725e-001  2,29818e+002  2,50000e+001  1,88859e+004 -4,26224e+001  1,88860e+004 -2,25684e-003  5,29493e-005 -1,19498e-007  5,29494e-005
            12  2,10367e+001  1,25000e+002  6,10000e+001  2,39086e-001  1,01386e+002  1,02522e-002  3,38392e-001  2,29491e+002  2,50000e+001  1,87828e+004 -9,01157e+001  1,87831e+004 -4,79777e-003  5,32388e-005 -2,55427e-007  5,32395e-005
            13  2,10317e+001  1,28000e+002  6,60000e+001  2,34960e-001  1,00141e+002  1,19097e-002  3,36942e-001  2,28960e+002  2,50000e+001  1,86826e+004 -8,16806e+001  1,86828e+004 -4,37201e-003  5,35247e-005 -2,34010e-007  5,35252e-005
            14  2,10239e+001  1,40000e+002  7,10000e+001  2,31097e-001  9,89741e+001  1,54924e-002  3,35995e-001  2,28629e+002  2,50000e+001  1,85863e+004 -3,75211e+001  1,85863e+004 -2,01875e-003  5,38028e-005 -1,08614e-007  5,38030e-005
            15  2,09717e+001  1,54000e+002  7,60000e+001  2,30547e-001  9,92115e+001  1,94067e-002  3,35034e-001  2,28345e+002  2,50000e+001  1,84914e+004  1,23259e+001  1,84914e+004  6,66575e-004  5,40792e-005  3,60479e-008  5,40792e-005
            16  2,09799e+001  1,61000e+002  8,10000e+001  2,30996e-001  1,00175e+002  2,12686e-002  3,34023e-001  2,27973e+002  2,50000e+001  1,83424e+004  2,38013e+001  1,83424e+004  1,29761e-003  5,45185e-005  7,07438e-008  5,45185e-005
            17  2,09264e+001  1,75000e+002  8,60000e+001  2,32503e-001  1,01514e+002  1,76073e-002  3,33314e-001  2,27532e+002  2,50000e+001  1,82111e+004 -6,55602e+001  1,82113e+004 -3,60001e-003  5,49107e-005 -1,97679e-007  5,49111e-005
            18  2,09140e+001  1,78000e+002  9,10000e+001  2,28520e-001  1,00382e+002  7,08475e-003  3,32583e-001  2,27016e+002  2,50000e+001  1,80916e+004 -2,78010e+002  1,80937e+004 -1,53669e-002  5,52614e-005 -8,49194e-007  5,52679e-005
            19  2,08692e+001  1,88000e+002  9,60000e+001  2,28198e-001  1,00981e+002 -4,58011e-003  3,31580e-001  2,26559e+002  2,50000e+001  1,79459e+004 -5,07544e+002  1,79531e+004 -2,82818e-002  5,56784e-005 -1,57469e-006  5,57006e-005
            20  2,09329e+001  1,99000e+002  1,01000e+002  2,21742e-001  9,91885e+001 -1,01309e-002  3,30405e-001  2,26221e+002  2,50000e+001  1,77412e+004 -6,22295e+002  1,77521e+004 -3,50763e-002  5,62967e-005 -1,97468e-006  5,63313e-005
cfrp_f1_100_5_1N, 21.04.2021 12:55:59
