         Index            Ts             t             f             F             x         Phase            F0            x0            Tr            M'            M"            M*     tan_delta            C'            C"            C*
           [#]          [°C]           [s]          [Hz]           [N]          [um]         [rad]           [N]          [um]          [°C]         [MPa]         [MPa]         [MPa]            []       [1/MPa]       [1/MPa]       [1/MPa]
             0  2,13142e+001  2,00000e+001  9,99999e-001  2,00000e-002  9,84529e+001  1,32017e-002  0,00000e+000  2,46592e+002  2,50000e+001  1,61911e+003  2,09723e+001  1,61925e+003  1,29530e-002  6,17520e-004  7,99871e-006  6,17572e-004
             1  2,13007e+001  3,80000e+001  6,00000e+000  4,98455e-002  4,99000e+001  1,78438e-002  8,59375e-002  3,35936e+002  2,50000e+001  7,96395e+003  1,30384e+002  7,96502e+003  1,63718e-002  1,25532e-004  2,05518e-006  1,25549e-004
             2  2,13198e+001  5,60000e+001  1,10000e+001  6,70710e-002  4,03641e+001  1,30553e-002  1,41758e-001  3,87968e+002  2,50000e+001  1,32523e+004  1,37152e+002  1,32530e+004  1,03493e-002  7,54504e-005  7,80856e-007  7,54544e-005
             3  2,13312e+001  6,10000e+001  1,60000e+001  2,01079e-001  1,05332e+002  9,20877e-003  1,84451e-001  4,25115e+002  2,50000e+001  1,52265e+004  8,01789e+001  1,52267e+004  5,26575e-003  6,56733e-005  3,45819e-007  6,56742e-005
             4  2,13185e+001  7,90000e+001  2,10000e+001  2,14178e-001  1,03648e+002  8,52037e-003  2,19389e-001  4,52405e+002  2,50000e+001  1,64818e+004  5,50898e+001  1,64819e+004  3,34246e-003  6,06723e-005  2,02795e-007  6,06727e-005
             5  2,13129e+001  8,20000e+001  2,60000e+001  2,27452e-001  9,96419e+001  9,32549e-003  2,52707e-001  4,80188e+002  2,50000e+001  1,82069e+004  5,30563e+001  1,82069e+004  2,91409e-003  5,49239e-005  1,60053e-007  5,49241e-005
             6  2,13240e+001  9,40000e+001  3,10000e+001  2,32958e-001  9,85683e+001  1,06112e-002  2,80239e-001  5,01373e+002  2,50000e+001  1,88489e+004  5,59183e+001  1,88490e+004  2,96667e-003  5,30531e-005  1,57391e-007  5,30533e-005
             7  2,13338e+001  9,70000e+001  3,60000e+001  2,31114e-001  9,92098e+001  1,20892e-002  2,97773e-001  5,14996e+002  2,50000e+001  1,85755e+004  5,96591e+001  1,85756e+004  3,21170e-003  5,38337e-005  1,72898e-007  5,38339e-005
             8  2,13488e+001  1,06000e+002  4,10000e+001  2,30621e-001  9,97301e+001  1,35813e-002  3,11160e-001  5,25537e+002  2,50000e+001  1,84358e+004  6,39904e+001  1,84359e+004  3,47098e-003  5,42415e-005  1,88271e-007  5,42419e-005
             9  2,13490e+001  1,09000e+002  4,60000e+001  2,30099e-001  1,00669e+002  1,34090e-002  3,21995e-001  5,32075e+002  2,50000e+001  1,82188e+004  3,76073e+001  1,82188e+004  2,06421e-003  5,48883e-005  1,13301e-007  5,48884e-005
            10  2,13483e+001  1,21000e+002  5,10000e+001  2,34326e-001  1,03305e+002  1,18667e-002  3,30279e-001  5,36662e+002  2,50000e+001  1,80757e+004 -1,29015e+001  1,80757e+004 -7,13749e-004  5,53228e-005 -3,94866e-008  5,53228e-005
            11  2,13477e+001  1,24000e+002  5,60000e+001  2,33641e-001  1,03562e+002  9,82698e-003  3,32546e-001  5,38326e+002  2,50000e+001  1,79735e+004 -7,17058e+001  1,79737e+004 -3,98952e-003  5,56365e-005 -2,21963e-007  5,56369e-005
            12  2,13405e+001  1,33000e+002  6,10000e+001  2,24070e-001  9,97084e+001  8,41658e-003  3,31697e-001  5,37684e+002  2,50000e+001  1,78983e+004 -1,18757e+002  1,78987e+004 -6,63513e-003  5,58688e-005 -3,70697e-007  5,58700e-005
            13  2,13238e+001  1,40000e+002  6,60000e+001  2,20959e-001  9,85891e+001  9,06284e-003  3,30590e-001  5,37421e+002  2,50000e+001  1,78449e+004 -1,28870e+002  1,78453e+004 -7,22170e-003  5,60356e-005 -4,04672e-007  5,60371e-005
            14  2,13279e+001  1,54000e+002  7,10000e+001  2,21580e-001  9,90313e+001  1,29463e-002  3,29570e-001  5,37077e+002  2,50000e+001  1,78097e+004 -8,13442e+001  1,78099e+004 -4,56741e-003  5,61480e-005 -2,56451e-007  5,61486e-005
            15  2,13238e+001  1,57000e+002  7,60000e+001  2,21221e-001  9,89725e+001  1,67640e-002  3,28891e-001  5,36921e+002  2,50000e+001  1,77855e+004 -3,51950e+001  1,77855e+004 -1,97886e-003  5,62254e-005 -1,11262e-007  5,62256e-005
            16  2,13236e+001  1,66000e+002  8,10000e+001  6,54391e-002  2,93305e+001  1,85021e-002  3,28341e-001  5,36590e+002  2,50000e+001  1,77465e+004 -2,61169e+001  1,77466e+004 -1,47166e-003  5,63489e-005 -8,29267e-008  5,63490e-005
            17  2,13255e+001  1,70000e+002  8,60000e+001  2,23943e-001  1,00449e+002  1,52862e-002  3,27809e-001  5,35767e+002  2,50000e+001  1,77259e+004 -1,04998e+002  1,77263e+004 -5,92342e-003  5,64125e-005 -3,34155e-007  5,64135e-005
            18  2,13331e+001  1,81000e+002  9,10000e+001  2,23593e-001  1,00260e+002  8,43890e-003  3,26354e-001  5,34389e+002  2,50000e+001  1,77230e+004 -2,48311e+002  1,77247e+004 -1,40107e-002  5,64129e-005 -7,90385e-007  5,64184e-005
            19  2,13614e+001  1,93000e+002  9,60000e+001  2,23884e-001  1,00475e+002 -7,20009e-004  3,25000e-001  5,32460e+002  2,50000e+001  1,76968e+004 -4,32062e+002  1,77021e+004 -2,44147e-002  5,64737e-005 -1,37879e-006  5,64905e-005
            20  2,13357e+001  2,05000e+002  1,01000e+002  2,21223e-001  9,97632e+001 -8,34006e-003  3,24881e-001  5,31557e+002  2,50000e+001  1,75986e+004 -5,85705e+002  1,76084e+004 -3,32813e-002  5,67597e-005 -1,88904e-006  5,67911e-005
cfrp_f1_100_5_1N, 21.04.2021 13:19:12
