         Index            Ts             t             f             F             x         Phase            F0            x0            Tr            M'            M"            M*     tan_delta            C'            C"            C*
           [#]          [°C]           [s]          [Hz]           [N]          [um]         [rad]           [N]          [um]          [°C]         [MPa]         [MPa]         [MPa]            []       [1/MPa]       [1/MPa]       [1/MPa]
             0  2,13672e+001  2,10000e+001  9,99999e-001  2,00000e-002  9,86922e+001  1,40960e-002  0,00000e+000  2,55398e+002  2,50000e+001  1,61516e+003  2,23659e+001  1,61532e+003  1,38474e-002  6,19013e-004  8,57175e-006  6,19073e-004
             1  2,13790e+001  4,00000e+001  6,00000e+000  4,98576e-002  5,01064e+001  1,56355e-002  8,59375e-002  3,44284e+002  2,50000e+001  7,93334e+003  1,12351e+002  7,93413e+003  1,41619e-002  1,26025e-004  1,78476e-006  1,26038e-004
             2  2,13940e+001  5,80000e+001  1,10000e+001  6,98399e-002  3,90059e+001  1,34467e-002  1,42773e-001  3,95218e+002  2,50000e+001  1,42807e+004  1,53398e+002  1,42815e+004  1,07416e-002  7,00165e-005  7,52091e-007  7,00205e-005
             3  2,13931e+001  6,10000e+001  1,60000e+001  1,97930e-001  1,04558e+002  9,68295e-003  1,85866e-001  4,32046e+002  2,50000e+001  1,50988e+004  8,66719e+001  1,50991e+004  5,74031e-003  6,62282e-005  3,80171e-007  6,62293e-005
             4  2,13966e+001  8,00000e+001  2,10000e+001  2,10936e-001  1,02604e+002  8,50893e-003  2,20521e-001  4,59350e+002  2,50000e+001  1,63974e+004  5,46196e+001  1,63975e+004  3,33099e-003  6,09846e-005  2,03139e-007  6,09850e-005
             5  2,14027e+001  8,30000e+001  2,60000e+001  2,27031e-001  9,98105e+001  1,00097e-002  2,53806e-001  4,86590e+002  2,50000e+001  1,81423e+004  6,52945e+001  1,81425e+004  3,59902e-003  5,51190e-005  1,98374e-007  5,51193e-005
             6  2,13809e+001  9,50000e+001  3,10000e+001  2,32726e-001  9,85250e+001  1,04588e-002  2,81331e-001  5,06906e+002  2,50000e+001  1,88383e+004  5,30122e+001  1,88384e+004  2,81406e-003  5,30828e-005  1,49378e-007  5,30830e-005
             7  2,13751e+001  9,80000e+001  3,60000e+001  2,32365e-001  9,95326e+001  1,11789e-002  2,98972e-001  5,19697e+002  2,50000e+001  1,86157e+004  4,28237e+001  1,86157e+004  2,30041e-003  5,37179e-005  1,23573e-007  5,37181e-005
             8  2,13688e+001  1,09000e+002  4,10000e+001  2,35104e-001  1,01277e+002  1,12037e-002  3,12197e-001  5,29784e+002  2,50000e+001  1,85073e+004  2,01881e+001  1,85073e+004  1,09082e-003  5,40326e-005  5,89398e-008  5,40326e-005
             9  2,13655e+001  1,13000e+002  4,60000e+001  2,39114e-001  1,03861e+002  1,10726e-002  3,21606e-001  5,35926e+002  2,50000e+001  1,83508e+004 -5,04101e+000  1,83508e+004 -2,74702e-004  5,44934e-005 -1,49695e-008  5,44934e-005
            10  2,13492e+001  1,21000e+002  5,10000e+001  1,57278e-001  6,87905e+001  1,11058e-002  3,28168e-001  5,39379e+002  2,50000e+001  1,82197e+004 -2,68840e+001  1,82197e+004 -1,47555e-003  5,48857e-005 -8,09864e-008  5,48857e-005
            11  2,13525e+001  1,25000e+002  5,60000e+001  2,28611e-001  1,00574e+002  1,12714e-002  3,29427e-001  5,39424e+002  2,50000e+001  1,81093e+004 -4,60630e+001  1,81094e+004 -2,54361e-003  5,52198e-005 -1,40458e-007  5,52200e-005
            12  2,13422e+001  1,34000e+002  6,10000e+001  2,24985e-001  9,94958e+001  1,14315e-002  3,28206e-001  5,37790e+002  2,50000e+001  1,80102e+004 -6,51441e+001  1,80103e+004 -3,61707e-003  5,55235e-005 -2,00832e-007  5,55238e-005
            13  2,13542e+001  1,46000e+002  6,60000e+001  2,24541e-001  9,98262e+001  1,32814e-002  3,26823e-001  5,36838e+002  2,50000e+001  1,79099e+004 -5,37075e+001  1,79099e+004 -2,99876e-003  5,58347e-005 -1,67435e-007  5,58349e-005
            14  2,13675e+001  1,51000e+002  7,10000e+001  2,21769e-001  9,90864e+001  1,71709e-002  3,25693e-001  5,35976e+002  2,50000e+001  1,78152e+004 -6,03086e+000  1,78152e+004 -3,38524e-004  5,61319e-005 -1,90020e-008  5,61319e-005
            15  2,13640e+001  1,64000e+002  7,60000e+001  2,20419e-001  9,88652e+001  2,08438e-002  3,25030e-001  5,35883e+002  2,50000e+001  1,77402e+004  3,73459e+001  1,77402e+004  2,10516e-003  5,63690e-005  1,18666e-007  5,63691e-005
            16  2,13701e+001  1,76000e+002  8,10000e+001  2,20258e-001  9,91181e+001  2,01354e-002  3,24565e-001  5,35998e+002  2,50000e+001  1,76755e+004  2,88612e+000  1,76755e+004  1,63284e-004  5,65755e-005  9,23785e-009  5,65755e-005
            17  2,13622e+001  1,87000e+002  8,60000e+001  2,23054e-001  1,00628e+002  1,59011e-002  3,24371e-001  5,35537e+002  2,50000e+001  1,76241e+004 -9,35459e+001  1,76244e+004 -5,30783e-003  5,67388e-005 -3,01160e-007  5,67396e-005
            18  2,13490e+001  1,96000e+002  9,10000e+001  2,20435e-001  9,95318e+001  7,94326e-003  3,24347e-001  5,34978e+002  2,50000e+001  1,76003e+004 -2,55325e+002  1,76021e+004 -1,45069e-002  5,68053e-005 -8,24066e-007  5,68113e-005
            19  2,13344e+001  2,00000e+002  9,60000e+001  2,23327e-001  1,00907e+002 -1,93354e-003  3,24473e-001  5,34657e+002  2,50000e+001  1,75766e+004 -4,50488e+002  1,75823e+004 -2,56300e-002  5,68566e-005 -1,45724e-006  5,68752e-005
            20  2,13670e+001  2,14000e+002  1,01000e+002  2,20693e-001  9,98932e+001 -1,05916e-002  3,24845e-001  5,34764e+002  2,50000e+001  1,75322e+004 -6,23052e+002  1,75433e+004 -3,55376e-002  5,69660e-005 -2,02443e-006  5,70019e-005
cfrp_f1_100_5_1N, 21.04.2021 13:28:21
