         Index            Ts             t             f             F             x         Phase            F0            x0            Tr            M'            M"            M*     tan_delta            C'            C"            C*
           [#]          [°C]           [s]          [Hz]           [N]          [um]         [rad]           [N]          [um]          [°C]         [MPa]         [MPa]         [MPa]            []       [1/MPa]       [1/MPa]       [1/MPa]
             0  2,12937e+001  2,10000e+001  9,99999e-001  0,00000e+000  1,01184e+002 -3,06566e+000  0,00000e+000  1,26075e+002  2,50000e+001  0,00000e+000  0,00000e+000  0,00000e+000  0,00000e+000  0,00000e+000  0,00000e+000  0,00000e+000
             1  2,13362e+001  4,00000e+001  6,00000e+000  0,00000e+000  4,55105e+001  9,82423e-001  1,71875e-002  2,30400e+002  2,50000e+001  0,00000e+000  0,00000e+000  0,00000e+000  0,00000e+000  0,00000e+000  0,00000e+000  0,00000e+000
             2  2,13594e+001  5,80000e+001  1,10000e+001  6,00000e-002  3,75985e+001  2,65299e-002  7,80312e-002  3,10217e+002  2,50000e+001  1,27239e+004  3,03306e+002  1,27275e+004  2,38375e-002  7,85476e-005  1,87238e-006  7,85700e-005
             3  2,13810e+001  7,90000e+001  1,60000e+001  1,83745e-001  1,00486e+002  1,89669e-002  1,24767e-001  3,61211e+002  2,50000e+001  1,45829e+004  2,19224e+002  1,45846e+004  1,50330e-002  6,85580e-005  1,03063e-006  6,85657e-005
             4  2,13847e+001  8,20000e+001  2,10000e+001  2,00040e-001  1,00588e+002  1,43014e-002  1,70725e-001  4,06191e+002  2,50000e+001  1,58610e+004  1,44792e+002  1,58616e+004  9,12884e-003  6,30426e-005  5,75506e-007  6,30452e-005
             5  2,13810e+001  1,02000e+002  2,60000e+001  2,06567e-001  9,87318e+001  1,38975e-002  2,07623e-001  4,48249e+002  2,50000e+001  1,66856e+004  1,24980e+002  1,66861e+004  7,49030e-003  5,99285e-005  4,48882e-007  5,99302e-005
             6  2,13697e+001  1,05000e+002  3,10000e+001  2,18411e-001  1,01614e+002  1,28432e-002  2,42868e-001  4,82950e+002  2,50000e+001  1,71404e+004  8,91398e+001  1,71406e+004  5,20057e-003  5,83402e-005  3,03402e-007  5,83409e-005
             7  2,13614e+001  1,21000e+002  3,60000e+001  2,24688e-001  1,01886e+002  1,38773e-002  2,72442e-001  5,05749e+002  2,50000e+001  1,75835e+004  8,79426e+001  1,75838e+004  5,00142e-003  5,68700e-005  2,84430e-007  5,68707e-005
             8  2,13662e+001  1,24000e+002  4,10000e+001  2,27995e-001  1,01864e+002  1,36950e-002  2,92775e-001  5,20522e+002  2,50000e+001  1,78435e+004  6,39636e+001  1,78436e+004  3,58470e-003  5,60421e-005  2,00894e-007  5,60425e-005
             9  2,13527e+001  1,33000e+002  4,60000e+001  2,48504e-001  1,10212e+002  1,34459e-002  3,08449e-001  5,32036e+002  2,50000e+001  1,79720e+004  3,77608e+001  1,79721e+004  2,10108e-003  5,56417e-005  1,16908e-007  5,56419e-005
            10  2,13644e+001  1,38000e+002  5,10000e+001  2,28736e-001  1,01158e+002  1,31696e-002  3,19352e-001  5,39184e+002  2,50000e+001  1,80191e+004  1,06393e+001  1,80191e+004  5,90445e-004  5,54968e-005  3,27678e-008  5,54968e-005
            11  2,13459e+001  1,47000e+002  5,60000e+001  2,25251e-001  9,96604e+001  1,24926e-002  3,26910e-001  5,43496e+002  2,50000e+001  1,80067e+004 -2,37900e+001  1,80067e+004 -1,32117e-003  5,55348e-005 -7,33712e-008  5,55348e-005
            12  2,13388e+001  1,51000e+002  6,10000e+001  2,27318e-001  1,00773e+002  1,27583e-002  3,28836e-001  5,43658e+002  2,50000e+001  1,79663e+004 -4,11231e+001  1,79663e+004 -2,28890e-003  5,56595e-005 -1,27399e-007  5,56597e-005
            13  2,13312e+001  1,60000e+002  6,60000e+001  2,24135e-001  9,96616e+001  1,38730e-002  3,28067e-001  5,41556e+002  2,50000e+001  1,79070e+004 -4,30934e+001  1,79071e+004 -2,40651e-003  5,58437e-005 -1,34389e-007  5,58439e-005
            14  2,13131e+001  1,83000e+002  7,10000e+001  2,21761e-001  9,88764e+001  1,67560e-002  3,26823e-001  5,39843e+002  2,50000e+001  1,78524e+004 -1,34577e+001  1,78524e+004 -7,53833e-004  5,60150e-005 -4,22259e-008  5,60150e-005
            15  2,13198e+001  1,87000e+002  7,60000e+001  2,25269e-001  1,00662e+002  1,99929e-002  3,25693e-001  5,38539e+002  2,50000e+001  1,78070e+004  2,23192e+001  1,78070e+004  1,25340e-003  5,61577e-005  7,03879e-008  5,61577e-005
            16  2,13453e+001  1,99000e+002  8,10000e+001  2,23710e-001  1,00225e+002  2,00747e-002  3,24996e-001  5,37997e+002  2,50000e+001  1,77542e+004  1,81945e+000  1,77542e+004  1,02480e-004  5,63246e-005  5,77213e-009  5,63246e-005
            17  2,13705e+001  2,11000e+002  8,60000e+001  2,20922e-001  9,91850e+001  1,81477e-002  3,24428e-001  5,37472e+002  2,50000e+001  1,77100e+004 -5,41745e+001  1,77101e+004 -3,05898e-003  5,64648e-005 -1,72725e-007  5,64651e-005
            18  2,13670e+001  2,20000e+002  9,10000e+001  2,23714e-001  1,00563e+002  1,29215e-002  3,24141e-001  5,36842e+002  2,50000e+001  1,76800e+004 -1,68365e+002  1,76808e+004 -9,52289e-003  5,65560e-005 -5,38576e-007  5,65585e-005
            19  2,13849e+001  2,29000e+002  9,60000e+001  2,23674e-001  1,00650e+002  1,90828e-003  3,24062e-001  5,36549e+002  2,50000e+001  1,76506e+004 -3,84469e+002  1,76547e+004 -2,17823e-002  5,66286e-005 -1,23350e-006  5,66420e-005
            20  2,13801e+001  2,34000e+002  1,01000e+002  2,21031e-001  9,97062e+001 -8,63748e-003  3,24238e-001  5,37034e+002  2,50000e+001  1,75932e+004 -5,90769e+002  1,76032e+004 -3,35793e-002  5,67760e-005 -1,90650e-006  5,68080e-005
cfrp_f1_100_5_1N, 21.04.2021 13:37:50
