         Index            Ts             t             f             F             x         Phase            F0            x0            Tr            M'            M"            M*     tan_delta            C'            C"            C*
           [#]          [°C]           [s]          [Hz]           [N]          [um]         [rad]           [N]          [um]          [°C]         [MPa]         [MPa]         [MPa]            []       [1/MPa]       [1/MPa]       [1/MPa]
             0  2,10782e+001  5,00000e+000  9,99999e-001  1,50000e-001  6,25076e+001  1,59194e-002  3,35000e-001  2,29557e+002  2,50000e+001  1,91448e+004  3,00329e+002  1,91472e+004  1,56872e-002  5,22206e-005  8,19194e-007  5,22270e-005
             1  2,11134e+001  3,00000e+001  6,00000e+000  2,44523e-001  1,00966e+002  1,36355e-002  3,35000e-001  2,26974e+002  2,50000e+001  1,93222e+004  2,35125e+002  1,93237e+004  1,21686e-002  5,17462e-005  6,29680e-007  5,17500e-005
             2  2,11454e+001  4,00000e+001  1,10000e+001  2,44796e-001  1,00800e+002  1,22961e-002  3,34977e-001  2,25321e+002  2,50000e+001  1,93755e+004  1,85866e+002  1,93764e+004  9,59283e-003  5,16069e-005  4,95056e-007  5,16093e-005
             3  2,11537e+001  4,80000e+001  1,60000e+001  2,45088e-001  1,01063e+002  1,27552e-002  3,34988e-001  2,25072e+002  2,50000e+001  1,93470e+004  1,70592e+002  1,93477e+004  8,81753e-003  5,16837e-005  4,55722e-007  5,16857e-005
             4  2,11526e+001  5,10000e+001  2,10000e+001  2,45075e-001  1,00471e+002  1,30816e-002  3,35000e-001  2,24445e+002  2,50000e+001  1,94586e+004  1,53908e+002  1,94592e+004  7,90952e-003  5,13878e-005  4,06453e-007  5,13895e-005
             5  2,11265e+001  6,30000e+001  2,60000e+001  2,44549e-001  1,00305e+002  1,43505e-002  3,35078e-001  2,24159e+002  2,50000e+001  1,94469e+004  1,54507e+002  1,94475e+004  7,94504e-003  5,14188e-005  4,08524e-007  5,14204e-005
             6  2,11191e+001  6,60000e+001  3,10000e+001  2,42163e-001  9,94096e+001  1,58526e-002  3,35312e-001  2,24303e+002  2,50000e+001  1,94280e+004  1,59585e+002  1,94286e+004  8,21418e-003  5,14688e-005  4,22774e-007  5,14705e-005
             7  2,11415e+001  7,20000e+001  3,60000e+001  2,44051e-001  1,00404e+002  1,62487e-002  3,35139e-001  2,24435e+002  2,50000e+001  1,93825e+004  1,42966e+002  1,93830e+004  7,37605e-003  5,15902e-005  3,80532e-007  5,15916e-005
             8  2,11478e+001  7,60000e+001  4,10000e+001  2,43858e-001  1,00804e+002  1,54848e-002  3,35000e-001  2,24944e+002  2,50000e+001  1,92871e+004  1,03703e+002  1,92874e+004  5,37678e-003  5,18466e-005  2,78768e-007  5,18473e-005
             9  2,11510e+001  8,70000e+001  4,60000e+001  2,64872e-001  1,10182e+002  1,38713e-002  3,35000e-001  2,25549e+002  2,50000e+001  1,91622e+004  4,84246e+001  1,91623e+004  2,52709e-003  5,21857e-005  1,31878e-007  5,21859e-005
            10  2,11482e+001  9,00000e+001  5,10000e+001  2,43062e-001  1,01795e+002  1,13637e-002  3,34875e-001  2,25884e+002  2,50000e+001  1,90289e+004 -2,31654e+001  1,90290e+004 -1,21738e-003  5,25515e-005 -6,39749e-008  5,25515e-005
            11  2,11556e+001  9,70000e+001  5,60000e+001  2,39450e-001  1,00972e+002  9,80042e-003  3,34443e-001  2,25915e+002  2,50000e+001  1,88939e+004 -7,58840e+001  1,88941e+004 -4,01632e-003  5,29263e-005 -2,12569e-007  5,29267e-005
            12  2,11563e+001  1,00000e+002  6,10000e+001  2,37612e-001  1,00832e+002  9,44568e-003  3,34003e-001  2,26170e+002  2,50000e+001  1,87697e+004 -1,05208e+002  1,87700e+004 -5,60521e-003  5,32758e-005 -2,98622e-007  5,32766e-005
            13  2,10810e+001  1,14000e+002  6,60000e+001  2,31483e-001  9,88120e+001  1,18473e-002  3,34000e-001  2,26590e+002  2,50000e+001  1,86538e+004 -8,27204e+001  1,86540e+004 -4,43451e-003  5,36074e-005 -2,37723e-007  5,36079e-005
            14  2,09924e+001  1,23000e+002  7,10000e+001  2,30887e-001  9,90828e+001  1,54248e-002  3,34316e-001  2,26945e+002  2,50000e+001  1,85490e+004 -3,87015e+001  1,85490e+004 -2,08645e-003  5,39111e-005 -1,12483e-007  5,39112e-005
            15  2,09905e+001  1,33000e+002  7,60000e+001  2,31423e-001  9,98233e+001  1,82195e-002  3,34459e-001  2,26856e+002  2,50000e+001  1,84478e+004 -9,62797e+000  1,84478e+004 -5,21904e-004  5,42070e-005 -2,82909e-008  5,42070e-005
            16  2,10281e+001  1,38000e+002  8,10000e+001  2,28877e-001  9,94898e+001  1,72661e-002  3,34504e-001  2,26754e+002  2,50000e+001  1,82992e+004 -4,95727e+001  1,82993e+004 -2,70901e-003  5,46468e-005 -1,48039e-007  5,46470e-005
            17  2,10690e+001  1,47000e+002  8,60000e+001  2,29051e-001  1,00112e+002  1,33886e-002  3,34681e-001  2,26554e+002  2,50000e+001  1,81916e+004 -1,42318e+002  1,81921e+004 -7,82327e-003  5,49672e-005 -4,30023e-007  5,49688e-005
            18  2,11143e+001  1,57000e+002  9,10000e+001  2,28340e-001  1,00266e+002  6,84432e-003  3,35112e-001  2,26395e+002  2,50000e+001  1,80982e+004 -2,82469e+002  1,81004e+004 -1,56076e-002  5,52408e-005 -8,62176e-007  5,52475e-005
            19  2,11376e+001  1,66000e+002  9,60000e+001  2,28143e-001  1,00843e+002 -1,92956e-003  3,35866e-001  2,26499e+002  2,50000e+001  1,79675e+004 -4,60446e+002  1,79734e+004 -2,56266e-002  5,56196e-005 -1,42534e-006  5,56379e-005
            20  2,11358e+001  1,71000e+002  1,01000e+002  2,21776e-001  9,91538e+001 -8,73929e-003  3,36274e-001  2,26495e+002  2,50000e+001  1,77510e+004 -5,97882e+002  1,77610e+004 -3,36817e-002  5,62711e-005 -1,89530e-006  5,63030e-005
cfrp_f1_100_5_1N, 21.04.2021 13:05:13
