         Index            Ts             t             f             F             x         Phase            F0            x0            Tr            M'            M"            M*     tan_delta            C'            C"            C*
           [#]          [°C]           [s]          [Hz]           [N]          [um]         [rad]           [N]          [um]          [°C]         [MPa]         [MPa]         [MPa]            []       [1/MPa]       [1/MPa]       [1/MPa]
             0  2,12670e+001  2,10000e+001  9,99999e-001  2,05000e-001  8,80997e+001  2,19206e-002  1,75000e-001  1,59313e+002  2,50000e+001  1,85614e+004  4,02713e+002  1,85657e+004  2,16963e-002  5,38500e-005  1,16835e-006  5,38627e-005
             1  2,10742e+001  5,80000e+001  6,00000e+000  2,43302e-001  1,01448e+002  1,53604e-002  2,78125e-001  2,01013e+002  2,50000e+001  1,91337e+004  2,65873e+002  1,91356e+004  1,38955e-002  5,22536e-005  7,26091e-007  5,22587e-005
             2  2,11458e+001  6,90000e+001  1,10000e+001  2,44400e-001  1,01016e+002  1,32050e-002  3,03992e-001  2,11629e+002  2,50000e+001  1,93025e+004  2,02729e+002  1,93036e+004  1,05027e-002  5,18010e-005  5,44051e-007  5,18039e-005
             3  2,11784e+001  7,80000e+001  1,60000e+001  2,44620e-001  1,01029e+002  1,24931e-002  3,14191e-001  2,15313e+002  2,50000e+001  1,93165e+004  1,65255e+002  1,93172e+004  8,55509e-003  5,17654e-005  4,42858e-007  5,17673e-005
             4  2,11956e+001  8,10000e+001  2,10000e+001  2,44884e-001  1,01084e+002  1,17511e-002  3,21687e-001  2,18344e+002  2,50000e+001  1,93255e+004  1,27112e+002  1,93259e+004  6,57744e-003  5,17428e-005  3,40335e-007  5,17439e-005
             5  2,12176e+001  9,30000e+001  2,60000e+001  2,43617e-001  1,00795e+002  1,25352e-002  3,33768e-001  2,23175e+002  2,50000e+001  1,92787e+004  1,18131e+002  1,92791e+004  6,12754e-003  5,18687e-005  3,17828e-007  5,18697e-005
             6  2,13183e+001  9,60000e+001  3,10000e+001  2,40524e-001  9,97297e+001  1,47054e-002  3,37679e-001  2,24894e+002  2,50000e+001  1,92344e+004  1,35902e+002  1,92349e+004  7,06555e-003  5,19875e-005  3,67320e-007  5,19888e-005
             7  2,13105e+001  1,06000e+002  3,60000e+001  2,42972e-001  1,00968e+002  1,53382e-002  3,36780e-001  2,24842e+002  2,50000e+001  1,91891e+004  1,24047e+002  1,91895e+004  6,46445e-003  5,21109e-005  3,36868e-007  5,21119e-005
             8  2,13111e+001  1,09000e+002  4,10000e+001  2,40157e-001  1,00177e+002  1,50644e-002  3,36176e-001  2,25122e+002  2,50000e+001  1,91131e+004  9,47206e+001  1,91133e+004  4,95580e-003  5,23189e-005  2,59282e-007  5,23196e-005
             9  2,13259e+001  1,18000e+002  4,60000e+001  2,39569e-001  1,00269e+002  1,36373e-002  3,35947e-001  2,25474e+002  2,50000e+001  1,90451e+004  4,36684e+001  1,90452e+004  2,29289e-003  5,25065e-005  1,20392e-007  5,25067e-005
            10  2,13257e+001  1,21000e+002  5,10000e+001  2,39599e-001  1,00779e+002  1,17155e-002  3,35549e-001  2,25613e+002  2,50000e+001  1,89467e+004 -1,63925e+001  1,89467e+004 -8,65187e-004  5,27795e-005 -4,56642e-008  5,27795e-005
            11  2,13020e+001  1,29000e+002  5,60000e+001  2,38583e-001  1,00833e+002  1,01988e-002  3,35014e-001  2,25506e+002  2,50000e+001  1,88515e+004 -6,81955e+001  1,88516e+004 -3,61752e-003  5,30456e-005 -1,91894e-007  5,30460e-005
            12  2,13166e+001  1,33000e+002  6,10000e+001  2,37632e-001  1,00914e+002  9,72278e-003  3,34491e-001  2,25476e+002  2,50000e+001  1,87559e+004 -9,99279e+001  1,87562e+004 -5,32780e-003  5,33149e-005 -2,84051e-007  5,33157e-005
            13  2,13292e+001  1,42000e+002  6,60000e+001  2,31454e-001  9,87594e+001  1,21617e-002  3,34047e-001  2,25432e+002  2,50000e+001  1,86614e+004 -7,68802e+001  1,86615e+004 -4,11975e-003  5,35857e-005 -2,20760e-007  5,35862e-005
            14  2,13122e+001  1,53000e+002  7,10000e+001  2,30840e-001  9,89538e+001  1,58578e-002  3,33801e-001  2,25481e+002  2,50000e+001  1,85694e+004 -3,06959e+001  1,85694e+004 -1,65303e-003  5,38518e-005 -8,90189e-008  5,38519e-005
            15  2,13144e+001  1,62000e+002  7,60000e+001  2,30206e-001  9,91282e+001  1,98882e-002  3,33588e-001  2,25375e+002  2,50000e+001  1,84795e+004  2,12257e+001  1,84795e+004  1,14861e-003  5,41139e-005  6,21556e-008  5,41139e-005
            16  2,13279e+001  1,72000e+002  8,10000e+001  2,30567e-001  9,98364e+001  1,93557e-002  3,33795e-001  2,25205e+002  2,50000e+001  1,83704e+004 -1,13392e+001  1,83704e+004 -6,17255e-004  5,44353e-005 -3,36004e-008  5,44353e-005
            17  2,13353e+001  1,77000e+002  8,60000e+001  2,29858e-001  1,00014e+002  1,68397e-002  3,34069e-001  2,24865e+002  2,50000e+001  1,82740e+004 -7,98296e+001  1,82741e+004 -4,36849e-003  5,47216e-005 -2,39051e-007  5,47221e-005
            18  2,13272e+001  1,89000e+002  9,10000e+001  2,29421e-001  1,00206e+002  4,69148e-003  3,33934e-001  2,24441e+002  2,50000e+001  1,81942e+004 -3,23189e+002  1,81970e+004 -1,77634e-002  5,49454e-005 -9,76015e-007  5,49540e-005
            19  2,13398e+001  1,96000e+002  9,60000e+001  2,28932e-001  1,00377e+002 -6,39906e-003  3,33652e-001  2,24175e+002  2,50000e+001  1,81111e+004 -5,45224e+002  1,81193e+004 -3,01045e-002  5,51648e-005 -1,66071e-006  5,51898e-005
            20  2,13196e+001  2,07000e+002  1,01000e+002  2,25914e-001  9,95250e+001 -1,36405e-002  3,33631e-001  2,23835e+002  2,50000e+001  1,80118e+004 -6,95162e+002  1,80252e+004 -3,85949e-002  5,54367e-005 -2,13957e-006  5,54779e-005
cfrp_f1_100_5_1N, 21.04.2021 13:14:21
