         Index            Ts             t             f             F             x         Phase            F0            x0            Tr            M'            M"            M*     tan_delta            C'            C"            C*
           [#]          [°C]           [s]          [Hz]           [N]          [um]         [rad]           [N]          [um]          [°C]         [MPa]         [MPa]         [MPa]            []       [1/MPa]       [1/MPa]       [1/MPa]
             0  2,13718e+001  2,00000e+001  9,99999e-001  2,00000e-002  9,82669e+001  1,24986e-002  0,00000e+000  2,57417e+002  2,50000e+001  1,62219e+003  1,98712e+001  1,62231e+003  1,22497e-002  6,16359e-004  7,55018e-006  6,16405e-004
             1  2,13501e+001  3,90000e+001  6,00000e+000  4,98875e-002  5,01001e+001  1,59684e-002  8,59375e-002  3,45790e+002  2,50000e+001  7,93905e+003  1,15077e+002  7,93989e+003  1,44950e-002  1,25933e-004  1,82540e-006  1,25946e-004
             2  2,12948e+001  5,80000e+001  1,10000e+001  6,98489e-002  3,89888e+001  1,43424e-002  1,42773e-001  3,96531e+002  2,50000e+001  1,42887e+004  1,66295e+002  1,42896e+004  1,16382e-002  6,99760e-005  8,14396e-007  6,99807e-005
             3  2,13090e+001  6,10000e+001  1,60000e+001  1,98412e-001  1,04197e+002  9,77685e-003  1,85866e-001  4,33133e+002  2,50000e+001  1,51881e+004  8,86121e+001  1,51883e+004  5,83433e-003  6,58390e-005  3,84126e-007  6,58401e-005
             4  2,13033e+001  7,90000e+001  2,10000e+001  2,14439e-001  1,03349e+002  8,78401e-003  2,20521e-001  4,60425e+002  2,50000e+001  1,65496e+004  5,96840e+001  1,65497e+004  3,60636e-003  6,04235e-005  2,17909e-007  6,04239e-005
             5  2,13166e+001  8,30000e+001  2,60000e+001  2,31582e-001  1,00955e+002  1,08094e-002  2,53806e-001  4,87624e+002  2,50000e+001  1,82964e+004  8,04963e+001  1,82965e+004  4,39958e-003  5,46546e-005  2,40457e-007  5,46552e-005
             6  2,13248e+001  9,50000e+001  3,10000e+001  2,33862e-001  9,82494e+001  1,19692e-002  2,81331e-001  5,07999e+002  2,50000e+001  1,89835e+004  8,21259e+001  1,89836e+004  4,32618e-003  5,26764e-005  2,27888e-007  5,26769e-005
             7  2,13246e+001  9,80000e+001  3,60000e+001  2,36021e-001  1,00362e+002  1,33174e-002  2,98972e-001  5,20879e+002  2,50000e+001  1,87522e+004  8,32826e+001  1,87524e+004  4,44122e-003  5,33260e-005  2,36833e-007  5,33266e-005
             8  2,13340e+001  1,09000e+002  4,10000e+001  2,30320e-001  9,85139e+001  1,41406e-002  3,12197e-001  5,30959e+002  2,50000e+001  1,86392e+004  7,51336e+001  1,86394e+004  4,03094e-003  5,36495e-005  2,16258e-007  5,36499e-005
             9  2,13325e+001  1,12000e+002  4,60000e+001  2,35407e-001  1,01501e+002  1,40399e-002  3,21606e-001  5,37074e+002  2,50000e+001  1,84865e+004  4,98350e+001  1,84866e+004  2,69575e-003  5,40931e-005  1,45821e-007  5,40933e-005
            10  2,13327e+001  1,21000e+002  5,10000e+001  2,30499e-001  1,00086e+002  1,34352e-002  3,28168e-001  5,40561e+002  2,50000e+001  1,83527e+004  1,57157e+001  1,83527e+004  8,56316e-004  5,44879e-005  4,66589e-008  5,44879e-005
            11  2,13399e+001  1,24000e+002  5,60000e+001  2,38760e-001  1,04303e+002  1,20447e-002  3,29301e-001  5,40572e+002  2,50000e+001  1,82373e+004 -3,22711e+001  1,82374e+004 -1,76950e-003  5,48324e-005 -9,70261e-008  5,48324e-005
            12  2,13335e+001  1,34000e+002  6,10000e+001  2,29158e-001  1,00679e+002  1,07830e-002  3,27900e-001  5,38861e+002  2,50000e+001  1,81288e+004 -7,73419e+001  1,81289e+004 -4,26626e-003  5,51600e-005 -2,35327e-007  5,51605e-005
            13  2,13429e+001  1,45000e+002  6,60000e+001  2,25093e-001  9,93843e+001  1,16582e-002  3,26564e-001  5,37830e+002  2,50000e+001  1,80337e+004 -8,33808e+001  1,80339e+004 -4,62361e-003  5,54506e-005 -2,56382e-007  5,54512e-005
            14  2,13436e+001  1,49000e+002  7,10000e+001  2,22475e-001  9,86126e+001  1,49645e-002  3,25142e-001  5,36998e+002  2,50000e+001  1,79578e+004 -4,57422e+001  1,79579e+004 -2,54720e-003  5,56856e-005 -1,41842e-007  5,56858e-005
            15  2,13518e+001  1,60000e+002  7,60000e+001  2,21694e-001  9,85975e+001  1,87367e-002  3,23913e-001  5,36764e+002  2,50000e+001  1,78914e+004 -7,30251e-002  1,78914e+004 -4,08157e-006  5,58927e-005 -2,28130e-010  5,58927e-005
            16  2,13379e+001  1,69000e+002  8,10000e+001  2,21476e-001  9,88414e+001  1,91404e-002  3,22875e-001  5,36642e+002  2,50000e+001  1,78232e+004 -1,48432e+001  1,78232e+004 -8,32803e-004  5,61068e-005 -4,67259e-008  5,61068e-005
            17  2,13314e+001  1,79000e+002  8,60000e+001  2,23770e-001  1,00191e+002  1,62940e-002  3,22055e-001  5,36082e+002  2,50000e+001  1,77580e+004 -8,72737e+001  1,77582e+004 -4,91463e-003  5,63114e-005 -2,76750e-007  5,63121e-005
            18  2,13196e+001  1,90000e+002  9,10000e+001  2,23495e-001  1,00206e+002  9,11906e-003  3,21278e-001  5,35474e+002  2,50000e+001  1,77249e+004 -2,36268e+002  1,77264e+004 -1,33297e-002  5,64079e-005 -7,51902e-007  5,64129e-005
            19  2,13309e+001  1,99000e+002  9,60000e+001  2,23932e-001  1,00458e+002 -1,90388e-003  3,20527e-001  5,35088e+002  2,50000e+001  1,77031e+004 -4,53208e+002  1,77089e+004 -2,56005e-002  5,64504e-005 -1,44516e-006  5,64688e-005
            20  2,13377e+001  2,03000e+002  1,01000e+002  2,21193e-001  9,95140e+001 -1,15525e-002  3,20095e-001  5,35005e+002  2,50000e+001  1,76383e+004 -6,43817e+002  1,76501e+004 -3,65010e-002  5,66192e-005 -2,06666e-006  5,66569e-005
cfrp_f1_100_5_1N, 21.04.2021 13:32:46
