         Index            Ts             t             f             F             x         Phase            F0            x0            Tr            M'            M"            M*     tan_delta            C'            C"            C*
           [#]          [°C]           [s]          [Hz]           [N]          [um]         [rad]           [N]          [um]          [°C]         [MPa]         [MPa]         [MPa]            []       [1/MPa]       [1/MPa]       [1/MPa]
             0  2,24322e+001  2,30000e+001  9,99999e-001  1,15000e+000  1,69031e+002  1,68221e-001  1,25000e+000  6,98586e+002  2,50000e+001  2,89967e+004  4,93107e+003  2,94130e+004  1,70056e-001  3,35174e-005  5,69985e-006  3,39986e-005
             1  2,23872e+001  4,30000e+001  6,00000e+000  3,52076e-001  3,02661e+001  6,11947e-001  1,46719e+000  7,63576e+002  2,50000e+001  4,11744e+004  2,89775e+004  5,03491e+004  7,03775e-001  1,62422e-005  1,14308e-005  1,98613e-005
             2  2,24854e+001  7,10000e+001  1,10000e+001  1,04019e+000  1,26339e+002  4,36844e-001  1,48868e+000  7,94761e+002  2,50000e+001  3,22795e+004  1,50225e+004  3,56040e+004  4,65388e-001  2,54642e-005  1,18507e-005  2,80867e-005
             3  2,24678e+001  7,40000e+001  1,60000e+001  1,04710e+000  1,31569e+002  3,67288e-001  1,48719e+000  8,08846e+002  2,50000e+001  3,21520e+004  1,22684e+004  3,44132e+004  3,81575e-001  2,71493e-005  1,03595e-005  2,90586e-005
             4  2,24872e+001  9,10000e+001  2,10000e+001  1,01170e+000  1,30000e+002  4,30721e-001  1,48555e+000  8,22393e+002  2,50000e+001  3,06240e+004  1,39294e+004  3,36431e+004  4,54853e-001  2,70564e-005  1,23067e-005  2,97238e-005
             5  2,24461e+001  1,01000e+002  2,60000e+001  1,00478e+000  1,29373e+002  4,89163e-001  1,49876e+000  8,40771e+002  2,50000e+001  2,97086e+004  1,56276e+004  3,35682e+004  5,26030e-001  2,63649e-005  1,38687e-005  2,97901e-005
             6  2,24119e+001  1,13000e+002  3,10000e+001  9,82221e-001  1,33824e+002  5,06229e-001  1,48554e+000  8,58510e+002  2,50000e+001  2,78304e+004  1,52055e+004  3,17134e+004  5,46362e-001  2,76716e-005  1,51187e-005  3,15324e-005
             7  2,24489e+001  1,27000e+002  3,60000e+001  9,90283e-001  1,32097e+002  5,87714e-001  1,47150e+000  8,71673e+002  2,50000e+001  2,70786e+004  1,77621e+004  3,23843e+004  6,55947e-001  2,58200e-005  1,69366e-005  3,08791e-005
             8  2,25030e+001  1,30000e+002  4,10000e+001  1,02027e+000  1,29421e+002  6,44181e-001  1,46717e+000  8,81637e+002  2,50000e+001  2,73920e+004  2,02254e+004  3,40498e+004  7,38370e-001  2,36262e-005  1,74449e-005  2,93687e-005
             9  2,24706e+001  1,42000e+002  4,60000e+001  9,30957e-001  1,11731e+002  6,91429e-001  1,46142e+000  8,92060e+002  2,50000e+001  2,79280e+004  2,26892e+004  3,59829e+004  8,12421e-001  2,15698e-005  1,75237e-005  2,77909e-005
            10  2,24058e+001  1,61000e+002  5,10000e+001  9,54026e-001  1,06549e+002  7,31356e-001  1,45427e+000  9,04445e+002  2,50000e+001  2,90359e+004  2,55300e+004  3,86635e+004  8,79257e-001  1,94237e-005  1,70785e-005  2,58642e-005
            11  2,23936e+001  1,66000e+002  5,60000e+001  1,16048e+000  1,20811e+002  8,23964e-001  1,44815e+000  9,16427e+002  2,50000e+001  2,84987e+004  3,01202e+004  4,14656e+004  1,05690e+000  1,65748e-005  1,75179e-005  2,41164e-005
            12  2,23786e+001  1,75000e+002  6,10000e+001  2,10055e-001  2,00699e+001  9,62609e-001  1,44143e+000  9,27476e+002  2,50000e+001  2,62271e+004  3,67614e+004  4,51582e+004  1,40166e+000  1,28611e-005  1,80268e-005  2,21444e-005
            13  2,23678e+001  1,85000e+002  6,60000e+001  6,17568e-001  5,25714e+001  1,10873e+000  1,43487e+000  9,38463e+002  2,50000e+001  2,31214e+004  4,50710e+004  5,06556e+004  1,94932e+000  9,01071e-006  1,75647e-005  1,97412e-005
            14  2,23519e+001  2,02000e+002  7,10000e+001  7,11450e-001  5,30828e+001  1,19009e+000  1,42827e+000  9,49487e+002  2,50000e+001  2,21273e+004  5,33648e+004  5,77705e+004  2,41171e+000  6,63007e-006  1,59898e-005  1,73099e-005
            15  2,23608e+001  2,14000e+002  7,60000e+001  9,44600e-001  6,34118e+001  1,14928e+000  1,43042e+000  9,59662e+002  2,50000e+001  2,70408e+004  5,82465e+004  6,42173e+004  2,15402e+000  6,55716e-006  1,41243e-005  1,55721e-005
            16  2,25967e+001  2,29000e+002  8,10000e+001  8,66866e-001  5,33362e+001  1,19944e+000  1,43557e+000  9,68812e+002  2,50000e+001  2,63074e+004  6,49066e+004  7,00353e+004  2,46723e+000  5,36345e-006  1,32329e-005  1,42785e-005
            17  2,25095e+001  2,41000e+002  8,60000e+001  6,04791e-001  3,43228e+001  1,31395e+000  1,43563e+000  9,79731e+002  2,50000e+001  2,03067e+004  7,30880e+004  7,58565e+004  3,59920e+000  3,52902e-006  1,27016e-005  1,31828e-005
            18  2,24671e+001  2,51000e+002  9,10000e+001  5,45576e-001  2,89021e+001  1,25131e+000  1,43891e+000  9,91836e+002  2,50000e+001  2,66861e+004  7,67748e+004  8,12804e+004  2,87696e+000  4,03936e-006  1,16211e-005  1,23031e-005
            19  2,24092e+001  2,71000e+002  9,60000e+001  4,11138e-001  2,17745e+001  1,05796e+000  1,44773e+000  1,00417e+003  2,50000e+001  4,11219e+004  7,02253e+004  8,13793e+004  1,70774e+000  6,20933e-006  1,06039e-005  1,22881e-005
            20  2,23971e+001  2,84000e+002  1,01000e+002  6,65000e-001  8,32744e+001  9,31647e-001  1,46371e+000  1,01502e+003  2,50000e+001  2,10903e+004  2,70944e+004  3,43352e+004  1,28468e+000  1,78897e-005  2,29826e-005  2,91246e-005
CFRP_f1_100_5_1N, 17.04.2021 19:40:50
