         Index            Ts             t             f             F             x         Phase            F0            x0            Tr            M'            M"            M*     tan_delta            C'            C"            C*
           [#]          [°C]           [s]          [Hz]           [N]          [um]         [rad]           [N]          [um]          [°C]         [MPa]         [MPa]         [MPa]            []       [1/MPa]       [1/MPa]       [1/MPa]
             0  2,25396e+001  1,03000e+002  9,99999e-001  3,55000e-001  4,08197e+000  8,55331e-001  4,42500e+000  1,50717e+003  2,50000e+001  2,43698e+005  2,96645e+005  3,83910e+005  1,21727e+000  1,65346e-006  2,01270e-006  2,60478e-006
             1  2,24307e+001  1,21000e+002  6,00000e+000  1,80648e-001  1,27501e+000  1,38659e+000  4,41719e+000  1,51517e+003  2,50000e+001  7,81549e+004  6,11504e+005  6,16479e+005  7,82427e+000  2,05646e-007  1,60903e-006  1,62212e-006
             2  2,23826e+001  1,39000e+002  1,10000e+001  1,85000e-001  1,87082e-001  9,95762e-001  4,21195e+000  1,51820e+003  2,50000e+001  7,95189e+005  4,96146e+006  5,02477e+006  6,23934e+000  3,14947e-008  1,96506e-007  1,99014e-007
             3  2,23757e+001  1,41000e+002  1,60000e+001  1,75000e-001  1,19345e-001  6,44117e-001  4,11411e+000  1,51314e+003  2,50000e+001  3,07342e+006  9,59769e+006  1,00778e+007  3,12280e+000  3,02617e-008  9,45012e-008  9,92282e-008
             4  2,23774e+001  1,42000e+002  2,10000e+001  1,60000e-001  1,73596e-001  4,33785e-001  4,09957e+000  1,51716e+003  2,50000e+001  4,65043e+006  3,67640e+006  5,92810e+006  7,90550e-001  1,32331e-007  1,04614e-007  1,68688e-007
             5  2,23796e+001  1,44000e+002  2,60000e+001  1,60000e-001  6,15580e-002  4,08398e-001  4,01215e+000  1,51805e+003  2,50000e+001 -1,01214e+007  2,44399e+007  2,64529e+007 -2,41467e+000 -1,44643e-008  3,49265e-008  3,78031e-008
             6  2,24255e+001  1,62000e+002  3,10000e+001  2,15000e-001  8,00538e-002  4,12580e-001  3,92316e+000  1,51796e+003  2,50000e+001 -1,18250e+007  2,34020e+007  2,62199e+007 -1,97902e+000 -1,72005e-008  3,40401e-008  3,81390e-008
             7  2,23913e+001  1,83000e+002  3,60000e+001  8,61392e+000  3,06809e+000  4,94800e-001  3,87150e+000  1,51708e+003  2,50000e+001 -1,15085e+007  1,88906e+007  2,21201e+007 -1,64144e+000 -2,35204e-008  3,86073e-008  4,52077e-008
             8  2,23874e+001  1,84000e+002  4,10000e+001  1,85000e-001  8,93577e-002  6,57829e-001  3,84095e+000  1,51627e+003  2,50000e+001 -1,55604e+006  1,46157e+007  1,46983e+007 -9,39289e+000 -7,20253e-009  6,76526e-008  6,80349e-008
             9  2,23876e+001  1,86000e+002  4,60000e+001  1,60000e-001  1,04113e-001  8,97033e-001  3,81441e+000  1,51543e+003  2,50000e+001 -7,44692e+004  8,54700e+006  8,54732e+006 -1,14772e+002 -1,01933e-009  1,16991e-007  1,16996e-007
            10  2,23889e+001  1,87000e+002  5,10000e+001  0,00000e+000  1,37670e-001  2,38573e+000  3,79708e+000  1,51591e+003  2,50000e+001  0,00000e+000  0,00000e+000  0,00000e+000  0,00000e+000  0,00000e+000  0,00000e+000  0,00000e+000
            11  2,23726e+001  2,05000e+002  5,60000e+001  5,06837e-003  5,09583e-003  1,30529e+000  3,77630e+000  1,51871e+003  2,50000e+001 -6,26540e+005  4,36441e+006  4,40915e+006 -6,96588e+000 -3,22285e-008  2,24500e-007  2,26801e-007
            12  2,23709e+001  2,10000e+002  6,10000e+001  4,55012e+000  5,18313e+000  1,51066e+000  3,73566e+000  1,52030e+003  2,50000e+001 -1,01574e+006  3,49351e+006  3,63818e+006 -3,43936e+000 -7,67389e-008  2,63933e-007  2,74863e-007
            13  2,23717e+001  2,29000e+002  6,60000e+001  3,20000e-001  3,73300e-001  1,62175e+000  3,67725e+000  1,52175e+003  2,50000e+001 -1,25218e+006  3,20048e+006  3,43672e+006 -2,55592e+000 -1,06018e-007  2,70974e-007  2,90975e-007
            14  2,23663e+001  2,31000e+002  7,10000e+001  4,09707e-001  5,39774e-001  1,69041e+000  3,64117e+000  1,52267e+003  2,50000e+001 -1,17077e+006  2,79061e+006  3,02625e+006 -2,38356e+000 -1,27839e-007  3,04711e-007  3,30442e-007
            15  2,23657e+001  2,52000e+002  7,60000e+001  3,00025e+000  3,72057e+000  1,45258e+000  3,66253e+000  1,52286e+003  2,50000e+001 -6,74162e+005  3,36493e+006  3,43180e+006 -4,99128e+000 -5,72427e-008  2,85714e-007  2,91392e-007
            16  2,23628e+001  2,53000e+002  8,10000e+001  4,10000e-001  4,59368e-001  8,45343e-001  3,66957e+000  1,52468e+003  2,50000e+001  1,85977e+006  4,44209e+006  4,81570e+006  2,38852e+000  8,01939e-008  1,91544e-007  2,07654e-007
            17  2,23589e+001  2,55000e+002  8,60000e+001  2,30000e-001  2,09162e-001  9,53173e-001  3,67272e+000  1,52686e+003  2,50000e+001  9,94542e+005  5,71187e+006  5,79781e+006  5,74322e+000  2,95866e-008  1,69922e-007  1,72479e-007
            18  2,23617e+001  2,56000e+002  9,10000e+001  5,55670e-001  3,56033e-001  7,73938e-001  3,69769e+000  1,52819e+003  2,50000e+001  1,17677e+006  9,67441e+006  9,74572e+006  8,22116e+000  1,23898e-008  1,01858e-007  1,02609e-007
            19  2,23578e+001  2,77000e+002  9,60000e+001  1,40000e-001  6,03269e-002  4,40944e-001  3,73491e+000  1,52756e+003  2,50000e+001 -2,89125e+006  2,42367e+007  2,44085e+007 -8,38277e+000 -4,85292e-009  4,06809e-008  4,09693e-008
            20  2,23400e+001  2,98000e+002  1,01000e+002  8,35000e-001  1,30530e+001  1,57794e+000  3,82894e+000  1,52754e+003  2,50000e+001 -2,40850e+003  2,74508e+005  2,74519e+005 -1,13975e+002 -3,19597e-008  3,64260e-006  3,64274e-006
CFRP_f1_100_5_1N, 17.04.2021 19:34:29
