         Index            Ts             t             f             F             x         Phase            F0            x0            Tr            M'            M"            M*     tan_delta            C'            C"            C*
           [#]          [°C]           [s]          [Hz]           [N]          [um]         [rad]           [N]          [um]          [°C]         [MPa]         [MPa]         [MPa]            []       [1/MPa]       [1/MPa]       [1/MPa]
             0  2,25490e+001  2,40000e+001  9,99999e-001  1,24500e+000  1,54958e+002  2,69539e-001  1,31500e+000  6,98114e+002  2,50000e+001  3,34891e+004  9,27494e+003  3,47497e+004  2,76954e-001  2,77332e-005  7,68083e-006  2,87772e-005
             1  2,25455e+001  4,30000e+001  6,00000e+000  4,36834e-001  1,05026e+001  1,32262e+000  1,49781e+000  7,63065e+002  2,50000e+001  4,15400e+004  1,75198e+005  1,80055e+005  4,21758e+000  1,28131e-006  5,40402e-006  5,55385e-006
             2  2,26131e+001  6,10000e+001  1,10000e+001  2,90494e-001  9,05582e+000  1,35013e+000  1,47739e+000  8,41626e+002  2,50000e+001  2,89522e+004  1,35629e+005  1,38685e+005  4,68458e+000  1,50530e-006  7,05172e-006  7,21060e-006
             3  2,24869e+001  8,40000e+001  1,60000e+001  1,74500e+000  3,09779e+001  1,34761e+000  1,54891e+000  9,02911e+002  2,50000e+001  4,94793e+004  2,38978e+005  2,44046e+005  4,82985e+000  8,30768e-007  4,01249e-006  4,09759e-006
             4  2,24763e+001  8,70000e+001  2,10000e+001  1,46298e+000  3,14907e+001  1,22430e+000  1,73896e+000  9,51387e+002  2,50000e+001  6,59587e+004  1,90457e+005  2,01555e+005  2,88752e+000  1,62362e-006  4,68824e-006  4,96142e-006
             5  2,24502e+001  1,06000e+002  2,60000e+001  1,14070e+000  2,48828e+001  1,14345e+000  1,84023e+000  1,00020e+003  2,50000e+001  8,05290e+004  1,82133e+005  1,99142e+005  2,26171e+000  2,03062e-006  4,59267e-006  5,02155e-006
             6  2,24452e+001  1,11000e+002  3,10000e+001  2,40852e-001  4,79395e+000  1,03153e+000  1,91771e+000  1,04435e+003  2,50000e+001  1,10417e+005  1,88947e+005  2,18845e+005  1,71121e+000  2,30550e-006  3,94519e-006  4,56945e-006
             7  2,24476e+001  1,32000e+002  3,60000e+001  2,75626e-001  5,14308e+000  1,15759e+000  2,00440e+000  1,07927e+003  2,50000e+001  9,10608e+004  2,14452e+005  2,32984e+005  2,35504e+000  1,67756e-006  3,95073e-006  4,29214e-006
             8  2,25867e+001  1,44000e+002  4,10000e+001  1,83408e+000  2,24821e+001  1,35346e+000  2,11427e+000  1,10488e+003  2,50000e+001  6,82801e+004  3,47297e+005  3,53946e+005  5,08636e+000  5,45031e-007  2,77222e-006  2,82529e-006
             9  2,27678e+001  1,56000e+002  4,60000e+001  1,94540e+000  1,47852e+001  1,48229e+000  2,21694e+000  1,12754e+003  2,50000e+001  2,56667e+004  5,68374e+005  5,68953e+005  2,21444e+001  7,92899e-008  1,75582e-006  1,75761e-006
            10  2,27300e+001  1,60000e+002  5,10000e+001  1,51248e+000  7,73278e+000  1,45884e+000  2,31234e+000  1,14590e+003  2,50000e+001  3,65743e+004  8,47217e+005  8,48006e+005  2,31643e+001  5,08602e-008  1,17814e-006  1,17924e-006
            11  2,27449e+001  1,66000e+002  5,60000e+001  6,62145e-001  2,56414e+000  1,30476e+000  2,44585e+000  1,16585e+003  2,50000e+001  1,97071e+005  1,12206e+006  1,13923e+006  5,69368e+000  1,51844e-007  8,64552e-007  8,77785e-007
            12  2,28073e+001  1,81000e+002  6,10000e+001  9,62111e-001  3,39209e+000  1,04486e+000  2,56971e+000  1,19292e+003  2,50000e+001  5,43069e+005  1,17250e+006  1,29216e+006  2,15903e+000  3,25253e-007  7,02230e-007  7,73897e-007
            13  2,27599e+001  1,86000e+002  6,60000e+001  1,00000e+000  3,60059e+000  8,81425e-001  2,70779e+000  1,22573e+003  2,50000e+001  7,37618e+005  1,05326e+006  1,28586e+006  1,42793e+000  4,46109e-007  6,37012e-007  7,77687e-007
            14  2,26823e+001  1,95000e+002  7,10000e+001  1,05000e+000  4,43803e+000  9,47612e-001  2,88338e+000  1,26371e+003  2,50000e+001  5,69680e+005  9,14443e+005  1,07738e+006  1,60519e+000  4,90790e-007  7,87809e-007  9,28180e-007
            15  2,25358e+001  2,16000e+002  7,60000e+001  3,05000e-001  1,94345e+000  1,30991e+000  3,09054e+000  1,30571e+003  2,50000e+001  1,46905e+005  6,69826e+005  6,85746e+005  4,55957e+000  3,12400e-007  1,42441e-006  1,45827e-006
            16  2,24716e+001  2,37000e+002  8,10000e+001  8,62928e-001  7,95756e+000  1,32643e+000  3,30327e+000  1,35134e+003  2,50000e+001  1,03000e+005  4,59789e+005  4,71185e+005  4,46399e+000  4,63931e-007  2,07098e-006  2,12231e-006
            17  2,24905e+001  2,59000e+002  8,60000e+001  1,37669e+000  2,29200e+001  1,17573e+000  3,53030e+000  1,40450e+003  2,50000e+001  9,98663e+004  2,40732e+005  2,60625e+005  2,41054e+000  1,47024e-006  3,54408e-006  3,83694e-006
            18  2,24845e+001  2,80000e+002  9,10000e+001  1,04336e+000  3,56017e+001  1,00580e+000  3,78191e+000  1,46417e+003  2,50000e+001  6,91473e+004  1,06179e+005  1,26709e+005  1,53554e+000  4,30683e-006  6,61333e-006  7,89208e-006
            19  2,26675e+001  3,03000e+002  9,60000e+001  8,87181e-001  5,06993e+001  1,11393e+000  4,00180e+000  1,52253e+003  2,50000e+001  3,44082e+004  6,70585e+004  7,53708e+004  1,94891e+000  6,05696e-006  1,18045e-005  1,32677e-005
            20  2,26625e+001  3,04000e+002  1,01000e+002  5,90000e-001  3,83314e-001  5,33231e-001  4,14398e+000  1,56046e+003  2,50000e+001  5,31914e+006  1,09964e+007  1,22153e+007  2,06733e+000  3,56477e-008  7,36955e-008  8,18644e-008
CFRP_f1_100_5_1N, 17.04.2021 20:03:13
