         Index            Ts             t             f             F             x         Phase            F0            x0            Tr            M'            M"            M*     tan_delta            C'            C"            C*
           [#]          [°C]           [s]          [Hz]           [N]          [um]         [rad]           [N]          [um]          [°C]         [MPa]         [MPa]         [MPa]            []       [1/MPa]       [1/MPa]       [1/MPa]
             0  2,28177e+001  5,50000e+001  9,99999e-001  8,80000e-001  2,91337e+000  7,95473e-001  6,57500e+000  5,80284e+002  2,50000e+001  7,00271e+004  8,70625e+004  1,11730e+005  1,24327e+000  5,60950e-006  6,97411e-006  8,95012e-006
             1  2,27112e+001  6,80000e+001  6,00000e+000  1,00056e+000  3,32359e+000  9,37260e-001  6,52812e+000  5,85819e+002  2,50000e+001  5,50582e+004  9,47533e+004  1,09588e+005  1,72097e+000  4,58452e-006  7,88980e-006  9,12506e-006
             2  2,26929e+001  7,70000e+001  1,10000e+001  1,00500e+000  6,50424e-001  4,51028e-001  6,49750e+000  5,90140e+002  2,50000e+001  5,30637e+005  8,92852e+005  1,03863e+006  1,68261e+000  4,91895e-007  8,27665e-007  9,62804e-007
             3  2,26564e+001  8,00000e+001  1,60000e+001  1,00500e+000  8,66010e-001  6,58883e-001  6,49969e+000  5,91607e+002  2,50000e+001  2,60894e+005  5,13028e+005  5,75555e+005  1,96642e+000  7,87573e-007  1,54870e-006  1,73745e-006
             4  2,28231e+001  8,90000e+001  2,10000e+001  1,26170e+000  1,20379e+000  4,99746e-001  6,50377e+000  5,91595e+002  2,50000e+001  3,73303e+005  3,99350e+005  5,46659e+005  1,06977e+000  1,24919e-006  1,33635e-006  1,82929e-006
             5  2,29470e+001  9,20000e+001  2,60000e+001  1,00000e+000  8,64491e-001  9,16024e-001  6,51223e+000  5,91655e+002  2,50000e+001  8,10125e+004  4,83024e+005  4,89771e+005  5,96234e+000  3,37727e-007  2,01365e-006  2,04177e-006
             6  2,28587e+001  1,01000e+002  3,10000e+001  1,51089e+000  1,08817e+000  8,98197e-001  6,52773e+000  5,91793e+002  2,50000e+001  3,94450e+004  6,02511e+005  6,03801e+005  1,52747e+001  1,08194e-007  1,65264e-006  1,65617e-006
             7  2,28550e+001  1,02000e+002  3,60000e+001  1,00000e+000  7,18283e-001  9,49925e-001  6,54101e+000  5,91930e+002  2,50000e+001  6,77479e+003  5,83468e+005  5,83507e+005  8,61234e+001  1,98977e-008  1,71366e-006  1,71378e-006
             8  2,27061e+001  1,14000e+002  4,10000e+001  1,00000e+000  7,04631e-001  2,12053e-001  6,55272e+000  5,92071e+002  2,50000e+001  9,76133e+005  5,03301e+005  1,09825e+006  5,15607e-001  8,09298e-007  4,17280e-007  9,10541e-007
             9  2,26759e+001  1,17000e+002  4,60000e+001  1,00500e+000  6,78198e-001  1,45797e-001  6,56309e+000  5,92252e+002  2,50000e+001  1,18816e+006  4,25477e+005  1,26204e+006  3,58099e-001  7,45980e-007  2,67135e-007  7,92368e-007
            10  2,26596e+001  1,26000e+002  5,10000e+001  1,00500e+000  6,55947e-001  1,29617e-001  6,57216e+000  5,92534e+002  2,50000e+001  1,31627e+006  4,32067e+005  1,38537e+006  3,28251e-001  6,85826e-007  2,25123e-007  7,21829e-007
            11  2,26613e+001  1,29000e+002  5,60000e+001  1,00500e+000  6,40448e-001  2,59359e-001  6,58124e+000  5,92799e+002  2,50000e+001  1,05477e+006  8,08033e+005  1,32870e+006  7,66076e-001  5,97449e-007  4,57691e-007  7,52613e-007
            12  2,29699e+001  1,38000e+002  6,10000e+001  1,00000e+000  6,23596e-001  4,62283e-001  6,59009e+000  5,93051e+002  2,50000e+001  5,26139e+005  9,68962e+005  1,10259e+006  1,84165e+000  4,32784e-007  7,97034e-007  9,06954e-007
            13  2,30177e+001  1,49000e+002  6,60000e+001  1,00000e+000  6,10489e-001  5,92154e-001  6,59866e+000  5,93197e+002  2,50000e+001  2,71979e+005  9,38683e+005  9,77291e+005  3,45131e+000  2,84765e-007  9,82813e-007  1,02324e-006
            14  2,28969e+001  1,56000e+002  7,10000e+001  1,00500e+000  6,04755e-001  5,57315e-001  6,60604e+000  5,93317e+002  2,50000e+001  3,21658e+005  9,88743e+005  1,03975e+006  3,07390e+000  2,97535e-007  9,14592e-007  9,61772e-007
            15  2,29617e+001  1,61000e+002  7,60000e+001  1,00500e+000  5,97082e-001  3,91004e-001  6,60980e+000  5,93373e+002  2,50000e+001  7,09598e+005  1,11122e+006  1,31846e+006  1,56599e+000  4,08203e-007  6,39242e-007  7,58459e-007
            16  2,29102e+001  1,70000e+002  8,10000e+001  1,01500e+000  5,97401e-001  2,36956e-001  6,61198e+000  5,93412e+002  2,50000e+001  1,29890e+006  1,03191e+006  1,65891e+006  7,94448e-001  4,71986e-007  3,74969e-007  6,02804e-007
            17  2,28748e+001  1,80000e+002  8,60000e+001  1,00500e+000  5,85283e-001  2,01425e-001  6,61569e+000  5,93422e+002  2,50000e+001  1,48894e+006  9,84820e+005  1,78516e+006  6,61426e-001  4,67220e-007  3,09031e-007  5,60174e-007
            18  2,29006e+001  1,89000e+002  9,10000e+001  1,00500e+000  5,84794e-001  1,67704e-001  6,62105e+000  5,93306e+002  2,50000e+001  1,64764e+006  8,63043e+005  1,85999e+006  5,23806e-001  4,76257e-007  2,49466e-007  5,37638e-007
            19  2,28628e+001  1,94000e+002  9,60000e+001  1,00500e+000  5,86821e-001  2,21714e-001  6,62710e+000  5,93114e+002  2,50000e+001  1,39809e+006  1,01838e+006  1,72966e+006  7,28410e-001  4,67315e-007  3,40397e-007  5,78147e-007
            20  2,27580e+001  2,04000e+002  1,01000e+002  1,01000e+000  5,89804e-001  3,64507e-001  6,63017e+000  5,92984e+002  2,50000e+001  8,14439e+005  1,16466e+006  1,42117e+006  1,43001e+000  4,03241e-007  5,76638e-007  7,03644e-007
CFRP_f1_100_5_1N, 17.04.2021 17:06:29
