         Index            Ts             t             f             F             x         Phase            F0            x0            Tr            M'            M"            M*     tan_delta            C'            C"            C*
           [#]          [°C]           [s]          [Hz]           [N]          [um]         [rad]           [N]          [um]          [°C]         [MPa]         [MPa]         [MPa]            []       [1/MPa]       [1/MPa]       [1/MPa]
             0  2,29838e+001  9,70000e+001  9,99999e-001  5,90000e-001  6,81490e+000  5,33348e-001  5,27000e+000  3,99769e+002  2,50000e+001  2,57824e+004  1,58787e+004  3,02797e+004  6,15874e-001  2,81202e-005  1,73185e-005  3,30254e-005
             1  2,29208e+001  1,16000e+002  6,00000e+000  3,40898e-001  2,29761e+000  8,45950e-001  5,66531e+000  4,08203e+002  2,50000e+001  3,28629e+004  4,07900e+004  5,23812e+004  1,24122e+000  1,19772e-005  1,48663e-005  1,90908e-005
             2  2,30005e+001  1,33000e+002  1,10000e+001  2,61985e-001  2,70264e+000  6,03631e-001  6,00823e+000  4,16757e+002  2,50000e+001  2,75637e+004  1,98669e+004  3,39772e+004  7,20765e-001  2,38760e-005  1,72090e-005  2,94315e-005
             3  2,31183e+001  1,56000e+002  1,60000e+001  2,35796e+000  2,92495e+001  3,68759e-001  6,26936e+000  4,22428e+002  2,50000e+001  2,62214e+004  1,03874e+004  2,82039e+004  3,96144e-001  3,29638e-005  1,30584e-005  3,54561e-005
             4  2,30642e+001  1,59000e+002  2,10000e+001  2,28954e+000  2,96215e+001  2,75921e-001  6,50709e+000  4,27724e+002  2,50000e+001  2,59806e+004  7,46026e+003  2,70305e+004  2,87147e-001  3,55583e-005  1,02104e-005  3,69952e-005
             5  2,28225e+001  1,77000e+002  2,60000e+001  1,54150e+000  2,09527e+001  2,57590e-001  6,76001e+000  4,33221e+002  2,50000e+001  2,48334e+004  6,58026e+003  2,56905e+004  2,64976e-001  3,76264e-005  9,97009e-006  3,89249e-005
             6  2,28103e+001  1,80000e+002  3,10000e+001  2,11657e+000  3,19199e+001  1,65217e-001  6,99351e+000  4,38349e+002  2,50000e+001  2,27924e+004  3,72554e+003  2,30949e+004  1,63455e-001  4,27325e-005  6,98486e-006  4,32996e-005
             7  2,28994e+001  1,99000e+002  3,60000e+001  2,04992e+000  3,32303e+001  1,41791e-001  7,20492e+000  4,43015e+002  2,50000e+001  2,12432e+004  2,91571e+003  2,14423e+004  1,37254e-001  4,62035e-005  6,34162e-006  4,66367e-005
             8  2,28601e+001  2,02000e+002  4,10000e+001  2,05361e+000  3,46374e+001  1,59513e-001  7,39775e+000  4,47131e+002  2,50000e+001  2,03415e+004  3,14017e+003  2,05824e+004  1,54373e-001  4,80164e-005  7,41243e-006  4,85852e-005
             9  2,26827e+001  2,22000e+002  4,60000e+001  2,03270e+000  3,54197e+001  1,85728e-001  7,59541e+000  4,51229e+002  2,50000e+001  1,95842e+004  3,53589e+003  1,99009e+004  1,80548e-001  4,94496e-005  8,92803e-006  5,02491e-005
            10  2,26931e+001  2,25000e+002  5,10000e+001  2,04271e+000  3,46708e+001  2,20078e-001  7,78480e+000  4,55188e+002  2,50000e+001  1,99755e+004  4,31347e+003  2,04359e+004  2,15938e-001  4,78310e-005  1,03285e-005  4,89334e-005
            11  2,29900e+001  2,43000e+002  5,60000e+001  1,99982e+000  3,34958e+001  2,32645e-001  7,97830e+000  4,59180e+002  2,50000e+001  2,01900e+004  4,60732e+003  2,07090e+004  2,28199e-001  4,70780e-005  1,07431e-005  4,82882e-005
            12  2,29537e+001  2,47000e+002  6,10000e+001  2,09174e+000  3,43082e+001  3,19040e-001  8,16502e+000  4,62870e+002  2,50000e+001  2,01215e+004  6,48481e+003  2,11407e+004  3,22282e-001  4,50217e-005  1,45097e-005  4,73021e-005
            13  2,28820e+001  2,68000e+002  6,60000e+001  4,76824e-001  7,56608e+000  2,86586e-001  8,35722e+000  4,66434e+002  2,50000e+001  2,10331e+004  5,99094e+003  2,18696e+004  2,84834e-001  4,39763e-005  1,25260e-005  4,57255e-005
            14  2,30735e+001  2,73000e+002  7,10000e+001  2,26764e+000  3,36556e+001  2,28222e-001  8,54235e+000  4,69730e+002  2,50000e+001  2,28775e+004  5,03746e+003  2,34256e+004  2,20193e-001  4,16897e-005  9,17977e-006  4,26884e-005
            15  2,31473e+001  2,94000e+002  7,60000e+001  4,37575e-001  4,61901e+000  1,99825e-001  8,73179e+000  4,73032e+002  2,50000e+001  3,27231e+004  6,24097e+003  3,33129e+004  1,90721e-001  2,94869e-005  5,62375e-006  3,00184e-005
            16  2,30882e+001  2,97000e+002  8,10000e+001  3,17616e+000  2,59036e+001  3,83577e-001  8,91218e+000  4,75965e+002  2,50000e+001  4,03516e+004  1,62395e+004  4,34968e+004  4,02449e-001  2,13278e-005  8,58336e-006  2,29902e-005
            17  2,28629e+001  3,19000e+002  8,60000e+001  3,95000e-001  2,46289e+000  3,86802e-001  9,09483e+000  4,78757e+002  2,50000e+001  5,33908e+004  2,20072e+004  5,77485e+004  4,12192e-001  1,60097e-005  6,59908e-006  1,73165e-005
            18  2,29161e+001  3,24000e+002  9,10000e+001  4,24424e+000  1,74888e+001  9,43164e-001  9,27360e+000  4,81321e+002  2,50000e+001  4,65452e+004  7,34372e+004  8,69453e+004  1,57776e+000  6,15720e-006  9,71459e-006  1,15015e-005
            19  2,28809e+001  3,45000e+002  9,60000e+001  3,45000e-001  7,19973e-001  1,61486e+000  9,44022e+000  4,83562e+002  2,50000e+001 -3,38313e+004  1,54347e+005  1,58011e+005 -4,56224e+000 -1,35502e-006  6,18192e-006  6,32868e-006
            20  2,30254e+001  3,51000e+002  1,01000e+002  2,33500e+000  3,59942e+001  2,39316e-001  9,57729e+000  4,85347e+002  2,50000e+001  2,19317e+004  4,91122e+003  2,24749e+004  2,23932e-001  4,34188e-005  9,72286e-006  4,44941e-005
CFRP_f1_100_5_2N, 17.04.2021 16:19:21
