         Index            Ts             t             f             F             x         Phase            F0            x0            Tr            M'            M"            M*     tan_delta            C'            C"            C*
           [#]          [°C]           [s]          [Hz]           [N]          [um]         [rad]           [N]          [um]          [°C]         [MPa]         [MPa]         [MPa]            []       [1/MPa]       [1/MPa]       [1/MPa]
             0  2,27636e+001  9,90000e+001  9,99999e-001  6,05000e-001  3,03907e+000  7,86006e-001  5,21000e+000  3,99657e+002  2,50000e+001  4,73226e+004  5,36502e+004  7,15386e+004  1,13371e+000  9,24673e-006  1,04831e-005  1,39785e-005
             1  2,27147e+001  1,17000e+002  6,00000e+000  3,80000e-001  1,00440e+000  1,16132e+000  5,61313e+000  4,07161e+002  2,50000e+001  3,45071e+004  1,30776e+005  1,35252e+005  3,78983e+000  1,88635e-006  7,14892e-006  7,39360e-006
             2  2,28653e+001  1,35000e+002  1,10000e+001  3,85000e-001  2,34372e+000  8,60006e-001  6,02967e+000  4,19061e+002  2,50000e+001  3,56561e+004  4,59992e+004  5,82004e+004  1,29008e+000  1,05265e-005  1,35800e-005  1,71820e-005
             3  2,29201e+001  1,56000e+002  1,60000e+001  2,65586e+000  2,31396e+001  6,22009e-001  6,31866e+000  4,26253e+002  2,50000e+001  3,22848e+004  2,43842e+004  4,04586e+004  7,55286e-001  1,97231e-005  1,48966e-005  2,47166e-005
             4  2,28721e+001  1,77000e+002  2,10000e+001  2,22693e+000  2,75915e+001  3,15713e-001  6,56926e+000  4,32235e+002  2,50000e+001  2,68096e+004  8,91839e+003  2,82540e+004  3,32657e-001  3,35837e-005  1,11719e-005  3,53932e-005
             5  2,28186e+001  1,81000e+002  2,60000e+001  2,11103e+000  2,88797e+001  3,36457e-001  6,83234e+000  4,38316e+002  2,50000e+001  2,40401e+004  8,50926e+003  2,55016e+004  3,53961e-001  3,69658e-005  1,30844e-005  3,92132e-005
             6  2,29333e+001  1,99000e+002  3,10000e+001  2,00172e+000  3,06605e+001  3,03527e-001  7,08655e+000  4,44247e+002  2,50000e+001  2,16674e+004  6,79800e+003  2,27088e+004  3,13743e-001  4,20163e-005  1,31823e-005  4,40358e-005
             7  2,29544e+001  2,02000e+002  3,60000e+001  1,96401e+000  3,35020e+001  3,29423e-001  7,31528e+000  4,49416e+002  2,50000e+001  1,92423e+004  6,55688e+003  2,03288e+004  3,40753e-001  4,65623e-005  1,58662e-005  4,91913e-005
             8  2,26918e+001  2,22000e+002  4,10000e+001  1,99212e+000  3,42195e+001  3,57551e-001  7,52549e+000  4,53597e+002  2,50000e+001  1,89117e+004  7,02957e+003  2,01759e+004  3,71705e-001  4,64585e-005  1,72689e-005  4,95641e-005
             9  2,26692e+001  2,25000e+002  4,60000e+001  2,03339e+000  3,50016e+001  3,80356e-001  7,71743e+000  4,57208e+002  2,50000e+001  1,87045e+004  7,42596e+003  2,01247e+004  3,97014e-001  4,61835e-005  1,83355e-005  4,96902e-005
            10  2,29624e+001  2,44000e+002  5,10000e+001  2,09689e+000  3,45730e+001  4,03742e-001  7,91409e+000  4,60838e+002  2,50000e+001  1,93546e+004  8,20608e+003  2,10223e+004  4,23987e-001  4,37947e-005  1,85684e-005  4,75685e-005
            11  2,29385e+001  2,47000e+002  5,60000e+001  2,19742e+000  3,27617e+001  4,21535e-001  8,16549e+000  4,65145e+002  2,50000e+001  2,12806e+004  9,47972e+003  2,32966e+004  4,45463e-001  3,92103e-005  1,74668e-005  4,29248e-005
            12  2,28161e+001  2,67000e+002  6,10000e+001  1,44431e+000  1,73689e+001  4,27171e-001  8,57237e+000  4,71781e+002  2,50000e+001  2,64527e+004  1,20176e+004  2,90546e+004  4,54306e-001  3,13358e-005  1,42360e-005  3,44179e-005
            13  2,28665e+001  2,71000e+002  6,60000e+001  2,72346e+000  2,67347e+001  4,21055e-001  9,05466e+000  4,79875e+002  2,50000e+001  3,27027e+004  1,46877e+004  3,58496e+004  4,49128e-001  2,54457e-005  1,14284e-005  2,78943e-005
            14  2,28073e+001  2,94000e+002  7,10000e+001  5,05000e-001  3,73219e+000  4,20825e-001  9,58434e+000  4,88880e+002  2,50000e+001  4,39159e+004  1,99595e+004  4,82388e+004  4,54493e-001  1,88724e-005  8,57740e-006  2,07302e-005
            15  2,27712e+001  2,98000e+002  7,60000e+001  3,87858e+000  2,39011e+001  3,98336e-001  1,01423e+001  4,98531e+002  2,50000e+001  5,37393e+004  2,31168e+004  5,85004e+004  4,30165e-001  1,57027e-005  6,75475e-006  1,70939e-005
            16  2,26516e+001  3,21000e+002  8,10000e+001  4,90000e-001  2,54840e+000  4,50196e-001  1,07704e+001  5,09433e+002  2,50000e+001  6,25451e+004  3,14658e+004  7,00142e+004  5,03090e-001  1,27591e-005  6,41899e-006  1,42828e-005
            17  2,26343e+001  3,25000e+002  8,60000e+001  4,36704e+000  1,82111e+001  5,80345e-001  1,14788e+001  5,21600e+002  2,50000e+001  7,20496e+004  5,10841e+004  8,83217e+004  7,09012e-001  9,23627e-006  6,54863e-006  1,13222e-005
            18  2,27449e+001  3,49000e+002  9,10000e+001  5,50000e-001  2,00959e+000  6,62651e-001  1,22566e+001  5,35113e+002  2,50000e+001  7,65776e+004  6,64512e+004  1,01390e+005  8,67763e-001  7,44926e-006  6,46419e-006  9,86292e-006
            19  2,26957e+001  3,54000e+002  9,60000e+001  4,25878e+000  1,94942e+001  6,25503e-001  1,30132e+001  5,48642e+002  2,50000e+001  6,29893e+004  4,86066e+004  7,95629e+004  7,71664e-001  9,95051e-006  7,67846e-006  1,25687e-005
            20  2,26448e+001  3,79000e+002  1,01000e+002  5,35000e-001  2,89312e-001  5,42891e-002  1,35198e+001  5,58303e+002  2,50000e+001  2,63630e+006  3,32634e+005  2,65720e+006  1,26175e-001  3,73376e-007  4,71106e-008  3,76336e-007
CFRP_f1_100_5_2N, 17.04.2021 16:42:57
