         Index            Ts             t             f             F             x         Phase            F0            x0            Tr            M'            M"            M*     tan_delta            C'            C"            C*
           [#]          [°C]           [s]          [Hz]           [N]          [um]         [rad]           [N]          [um]          [°C]         [MPa]         [MPa]         [MPa]            []       [1/MPa]       [1/MPa]       [1/MPa]
             0  2,25853e+001  9,80000e+001  9,99999e-001  5,85000e-001  6,62287e+000  3,30030e-001  4,91500e+000  4,78471e+002  2,50000e+001  2,92193e+004  1,04058e+004  3,10169e+004  3,56128e-001  3,03719e-005  1,08163e-005  3,22404e-005
             1  2,26531e+001  1,16000e+002  6,00000e+000  3,57091e-001  3,32210e+000  5,52391e-001  5,32906e+000  4,84959e+002  2,50000e+001  3,17718e+004  2,06018e+004  3,78666e+004  6,48431e-001  2,21579e-005  1,43679e-005  2,64085e-005
             2  2,25994e+001  1,35000e+002  1,10000e+001  3,61167e-001  3,02038e+000  6,04529e-001  5,73850e+000  4,95238e+002  2,50000e+001  3,41050e+004  2,49297e+004  4,22450e+004  7,30969e-001  1,91103e-005  1,39690e-005  2,36715e-005
             3  2,29854e+001  1,56000e+002  1,60000e+001  2,01000e+000  3,23008e+001  1,26889e-001  6,07300e+000  5,03382e+002  2,50000e+001  2,14740e+004  2,72459e+003  2,16462e+004  1,26878e-001  4,58301e-005  5,81484e-006  4,61975e-005
             4  2,30986e+001  1,77000e+002  2,10000e+001  2,00214e+000  3,25517e+001  1,42149e-001  6,41156e+000  5,13226e+002  2,50000e+001  2,11749e+004  2,99603e+003  2,13858e+004  1,41489e-001  4,62988e-005  6,55078e-006  4,67599e-005
             5  2,30864e+001  1,80000e+002  2,60000e+001  2,01219e+000  3,28342e+001  1,49434e-001  6,63562e+000  5,18357e+002  2,50000e+001  2,10745e+004  3,11509e+003  2,13035e+004  1,47813e-001  4,64362e-005  6,86389e-006  4,69407e-005
             6  2,29927e+001  2,00000e+002  3,10000e+001  1,99466e+000  3,27804e+001  1,53191e-001  6,84198e+000  5,22628e+002  2,50000e+001  2,09102e+004  3,14556e+003  2,11455e+004  1,50432e-001  4,67652e-005  7,03496e-006  4,72914e-005
             7  2,30038e+001  2,03000e+002  3,60000e+001  2,00947e+000  3,31214e+001  1,58347e-001  7,04429e+000  5,26611e+002  2,50000e+001  2,08308e+004  3,21910e+003  2,10780e+004  1,54536e-001  4,68862e-005  7,24562e-006  4,74428e-005
             8  2,28626e+001  2,22000e+002  4,10000e+001  2,02073e+000  3,33196e+001  1,64055e-001  7,25007e+000  5,30695e+002  2,50000e+001  2,08035e+004  3,31267e+003  2,10656e+004  1,59237e-001  4,68802e-005  7,46505e-006  4,74708e-005
             9  2,29323e+001  2,25000e+002  4,60000e+001  2,08714e+000  3,25701e+001  1,39010e-001  7,44144e+000  5,34444e+002  2,50000e+001  2,20971e+004  2,91479e+003  2,22886e+004  1,31908e-001  4,44808e-005  5,86736e-006  4,48661e-005
            10  2,28432e+001  2,45000e+002  5,10000e+001  2,24337e+000  3,01774e+001  1,71624e-001  7,63845e+000  5,38038e+002  2,50000e+001  2,56108e+004  4,24079e+003  2,59595e+004  1,65586e-001  3,80040e-005  6,29293e-006  3,85215e-005
            11  2,28643e+001  2,48000e+002  5,60000e+001  2,45130e+000  2,80665e+001  1,97592e-001  7,82876e+000  5,41281e+002  2,50000e+001  3,00993e+004  5,80944e+003  3,06548e+004  1,93009e-001  3,20301e-005  6,18211e-006  3,26213e-005
            12  2,27637e+001  2,66000e+002  6,10000e+001  1,83261e+000  1,65586e+001  1,96421e-001  8,02294e+000  5,44591e+002  2,50000e+001  3,85162e+004  7,41029e+003  3,92226e+004  1,92394e-001  2,50364e-005  4,81684e-006  2,54955e-005
            13  2,27193e+001  2,70000e+002  6,60000e+001  3,18405e+000  2,32555e+001  2,35638e-001  8,20948e+000  5,47737e+002  2,50000e+001  4,77153e+004  1,12968e+004  4,90343e+004  2,36754e-001  1,98453e-005  4,69845e-006  2,03939e-005
            14  2,26569e+001  2,91000e+002  7,10000e+001  4,55000e-001  2,56873e+000  2,89345e-001  8,40026e+000  5,50906e+002  2,50000e+001  6,17065e+004  1,86229e+004  6,44554e+004  3,01798e-001  1,48529e-005  4,48258e-006  1,55146e-005
            15  2,26878e+001  2,97000e+002  7,60000e+001  3,90982e+000  1,98100e+001  4,39642e-001  8,58351e+000  5,53958e+002  2,50000e+001  6,46697e+004  3,18069e+004  7,20684e+004  4,91837e-001  1,24512e-005  6,12396e-006  1,38757e-005
            16  2,28123e+001  3,18000e+002  8,10000e+001  4,30000e-001  1,91628e+000  4,41633e-001  8,77349e+000  5,57203e+002  2,50000e+001  7,40726e+004  3,70059e+004  8,28021e+004  4,99590e-001  1,08038e-005  5,39745e-006  1,20770e-005
            17  2,28340e+001  3,23000e+002  8,60000e+001  4,56998e+000  1,80299e+001  7,10880e-001  8,95954e+000  5,60386e+002  2,50000e+001  6,72092e+004  6,41882e+004  9,29366e+004  9,55052e-001  7,78136e-006  7,43160e-006  1,07600e-005
            18  2,30896e+001  3,45000e+002  9,10000e+001  3,90000e-001  1,62319e+000  5,08375e-001  9,14441e+000  5,63611e+002  2,50000e+001  7,63501e+004  4,54516e+004  8,88548e+004  5,95305e-001  9,67047e-006  5,75688e-006  1,12543e-005
            19  2,30242e+001  3,50000e+002  9,60000e+001  4,74913e+000  2,51246e+001  3,03883e-001  9,32514e+000  5,66976e+002  2,50000e+001  6,58203e+004  2,06251e+004  6,89761e+004  3,13354e-001  1,38345e-005  4,33509e-006  1,44978e-005
            20  2,27323e+001  3,72000e+002  1,01000e+002  3,50000e-001  2,09098e-002 -1,46458e-001  9,48099e+000  5,69980e+002  2,50000e+001 -9,47622e+005 -2,71387e+004  9,48010e+005  2,86387e-002 -1,05441e-006 -3,01969e-008  1,05484e-006
CFRP_f1_100_5_2N, 17.04.2021 15:41:14
