         Index            Ts             t             f             F             x         Phase            F0            x0            Tr            M'            M"            M*     tan_delta            C'            C"            C*
           [#]          [°C]           [s]          [Hz]           [N]          [um]         [rad]           [N]          [um]          [°C]         [MPa]         [MPa]         [MPa]            []       [1/MPa]       [1/MPa]       [1/MPa]
             0  2,28803e+001  5,60000e+001  9,99999e-001  8,85000e-001  2,66583e+000  7,77165e-001  6,57500e+000  5,81306e+002  2,50000e+001  7,86933e+004  9,59824e+004  1,24118e+005  1,21970e+000  5,10821e-006  6,23049e-006  8,05685e-006
             1  2,27064e+001  6,80000e+001  6,00000e+000  1,00513e+000  3,12198e+000  9,31763e-001  6,52031e+000  5,86409e+002  2,50000e+001  5,89707e+004  1,02010e+005  1,17828e+005  1,72984e+000  4,24752e-006  7,34753e-006  8,48691e-006
             2  2,26333e+001  7,70000e+001  1,10000e+001  1,00500e+000  6,37201e-001  4,14924e-001  6,47875e+000  5,90392e+002  2,50000e+001  6,08638e+005  9,40357e+005  1,12014e+006  1,54502e+000  4,85082e-007  7,49461e-007  8,92746e-007
             3  2,26288e+001  7,80000e+001  1,60000e+001  1,00500e+000  6,24893e-001  2,14822e-001  6,47469e+000  5,91337e+002  2,50000e+001  1,21054e+006  8,22621e+005  1,46360e+006  6,79547e-001  5,65115e-007  3,84022e-007  6,83248e-007
             4  2,25709e+001  8,90000e+001  2,10000e+001  1,00500e+000  7,76151e-001  1,17784e-001  6,47677e+000  5,91541e+002  2,50000e+001  9,09983e+005  2,25012e+005  9,37390e+005  2,47271e-001  1,03560e-006  2,56074e-007  1,06679e-006
             5  2,25927e+001  9,00000e+001  2,60000e+001  1,00000e+000  7,65698e-001  5,91195e-001  6,47924e+000  5,91586e+002  2,50000e+001  3,30061e+005  6,28260e+005  7,09684e+005  1,90347e+000  6,55336e-007  1,24741e-006  1,40908e-006
             6  2,26142e+001  9,90000e+001  3,10000e+001  1,44830e+000  1,06140e+000  8,60500e-002  6,47978e+000  5,91535e+002  2,50000e+001  1,04329e+006  1,90557e+005  1,06055e+006  1,82650e-001  9,27563e-007  1,69419e-007  9,42908e-007
             7  2,26018e+001  1,01000e+002  3,60000e+001  1,00500e+000  7,42612e-001  4,28306e-001  6,47847e+000  5,91521e+002  2,50000e+001  5,56456e+005  6,47552e+005  8,53795e+005  1,16371e+000  7,63350e-007  8,88314e-007  1,17124e-006
             8  2,28913e+001  1,11000e+002  4,10000e+001  1,00000e+000  6,70097e-001  3,60532e-001  6,47613e+000  5,91531e+002  2,50000e+001  7,34023e+005  7,92139e+005  1,07994e+006  1,07917e+000  6,29375e-007  6,79205e-007  9,25976e-007
             9  2,28702e+001  1,14000e+002  4,60000e+001  1,00500e+000  6,93335e-001  3,64576e-001  6,47087e+000  5,91604e+002  2,50000e+001  7,09082e+005  7,32055e+005  1,01917e+006  1,03240e+000  6,82662e-007  7,04779e-007  9,81193e-007
            10  2,27448e+001  1,23000e+002  5,10000e+001  1,53831e+000  1,02273e+000  1,76325e-001  6,46434e+000  5,91650e+002  2,50000e+001  1,17197e+006  5,29444e+005  1,28601e+006  4,51754e-001  7,08641e-007  3,20131e-007  7,77596e-007
            11  2,26998e+001  1,26000e+002  5,60000e+001  1,00000e+000  6,49239e-001  2,73852e-001  6,45934e+000  5,91601e+002  2,50000e+001  9,86054e+005  7,78350e+005  1,25624e+006  7,89358e-001  6,24824e-007  4,93210e-007  7,96028e-007
            12  2,27728e+001  1,35000e+002  6,10000e+001  1,01000e+000  6,39476e-001  6,28469e-001  6,45508e+000  5,91620e+002  2,50000e+001  2,40704e+005  8,61063e+005  8,94074e+005  3,57727e+000  3,01118e-007  1,07718e-006  1,11848e-006
            13  2,27348e+001  1,44000e+002  6,60000e+001  1,00000e+000  6,11562e-001  1,03178e+000  6,45055e+000  5,91593e+002  2,50000e+001 -1,13202e+005  6,30605e+005  6,40685e+005 -5,57062e+000 -2,75781e-007  1,53627e-006  1,56083e-006
            14  2,26854e+001  1,53000e+002  7,10000e+001  1,00000e+000  5,95808e-001  1,36487e+000  6,44700e+000  5,91548e+002  2,50000e+001 -2,29412e+005  4,70075e+005  5,23068e+005 -2,04904e+000 -8,38494e-007  1,71811e-006  1,91180e-006
            15  2,27795e+001  1,58000e+002  7,60000e+001  1,00500e+000  5,88506e-001  1,40423e+000  6,44489e+000  5,91506e+002  2,50000e+001 -2,44132e+005  4,56894e+005  5,18028e+005 -1,87150e+000 -9,09745e-007  1,70259e-006  1,93040e-006
            16  2,26721e+001  1,68000e+002  8,10000e+001  1,00000e+000  5,85288e-001  1,16020e+000  6,44233e+000  5,91465e+002  2,50000e+001 -1,85119e+005  5,75840e+005  6,04864e+005 -3,11065e+000 -5,05982e-007  1,57393e-006  1,65326e-006
            17  2,26208e+001  1,77000e+002  8,60000e+001  1,00500e+000  5,81796e-001  7,51140e-001  6,44153e+000  5,91394e+002  2,50000e+001  3,68649e+004  8,73498e+005  8,74276e+005  2,36946e+001  4,82299e-008  1,14279e-006  1,14380e-006
            18  2,26466e+001  1,88000e+002  9,10000e+001  1,00500e+000  5,81621e-001  3,63855e-001  6,44273e+000  5,91267e+002  2,50000e+001  8,07070e+005  1,19950e+006  1,44574e+006  1,48624e+000  3,86128e-007  5,73879e-007  6,91688e-007
            19  2,26316e+001  1,92000e+002  9,60000e+001  1,01000e+000  5,94142e-001  1,37263e-001  6,44300e+000  5,91131e+002  2,50000e+001  1,72282e+006  6,76951e+005  1,85105e+006  3,92931e-001  5,02811e-007  1,97570e-007  5,40234e-007
            20  2,25599e+001  2,04000e+002  1,01000e+002  1,01000e+000  6,10692e-001  1,45419e-001  6,43851e+000  5,90968e+002  2,50000e+001  1,57535e+006  6,16774e+005  1,69179e+006  3,91515e-001  5,50410e-007  2,15494e-007  5,91091e-007
CFRP_f1_100_5_1N, 17.04.2021 17:10:56
