         Index            Ts             t             f             F             x         Phase            F0            x0            Tr            M'            M"            M*     tan_delta            C'            C"            C*
           [#]          [°C]           [s]          [Hz]           [N]          [um]         [rad]           [N]          [um]          [°C]         [MPa]         [MPa]         [MPa]            []       [1/MPa]       [1/MPa]       [1/MPa]
             0  2,30398e+001  9,70000e+001  9,99999e-001  6,05000e-001  3,26061e+000  7,93990e-001  4,98500e+000  3,97120e+002  2,50000e+001  4,37147e+004  4,99566e+004  6,63825e+004  1,14279e+000  9,92020e-006  1,13367e-005  1,50642e-005
             1  2,28953e+001  1,16000e+002  6,00000e+000  3,82579e-001  1,08441e+000  1,18674e+000  5,39281e+000  4,04050e+002  2,50000e+001  3,00704e+004  1,21617e+005  1,25280e+005  4,04441e+000  1,91593e-006  7,74880e-006  7,98215e-006
             2  2,28853e+001  1,33000e+002  1,10000e+001  3,85000e-001  2,38077e+000  8,99038e-001  5,80765e+000  4,15805e+002  2,50000e+001  3,31763e+004  4,65097e+004  5,71298e+004  1,40189e+000  1,01649e-005  1,42501e-005  1,75040e-005
             3  2,27943e+001  1,56000e+002  1,60000e+001  2,69608e+000  2,16264e+001  6,78779e-001  6,38643e+000  4,27791e+002  2,50000e+001  3,34153e+004  2,86418e+004  4,40106e+004  8,57146e-001  1,72517e-005  1,47872e-005  2,27218e-005
             4  2,32910e+001  1,77000e+002  2,10000e+001  2,51709e+000  2,38207e+001  3,85363e-001  6,94071e+000  4,39775e+002  2,50000e+001  3,44230e+004  1,44406e+004  3,73292e+004  4,19504e-001  2,47030e-005  1,03630e-005  2,67886e-005
             5  2,32962e+001  1,80000e+002  2,60000e+001  2,04891e+000  2,74690e+001  4,15220e-001  7,53355e+000  4,52234e+002  2,50000e+001  2,37367e+004  1,06433e+004  2,60137e+004  4,48389e-001  3,50766e-005  1,57279e-005  3,84413e-005
             6  2,28686e+001  2,01000e+002  3,10000e+001  2,03000e+000  2,54605e+001  5,37244e-001  8,22007e+000  4,65299e+002  2,50000e+001  2,37504e+004  1,44591e+004  2,78055e+004  6,08793e-001  3,07192e-005  1,87016e-005  3,59641e-005
             7  2,28540e+001  2,04000e+002  3,60000e+001  1,96542e+000  2,46660e+001  5,76805e-001  9,34813e+000  4,83125e+002  2,50000e+001  2,31272e+004  1,53606e+004  2,77636e+004  6,64177e-001  3,00036e-005  1,99277e-005  3,60184e-005
             8  2,27277e+001  2,22000e+002  4,10000e+001  2,03144e+000  2,55772e+001  6,27851e-001  9,88266e+000  4,92672e+002  2,50000e+001  2,22122e+004  1,64487e+004  2,76395e+004  7,40527e-001  2,90758e-005  2,15314e-005  3,61802e-005
             9  2,27199e+001  2,26000e+002  4,60000e+001  2,72126e+000  2,04662e+001  7,46520e-001  1,04148e+001  5,02946e+002  2,50000e+001  3,35552e+004  3,27892e+004  4,69157e+004  9,77171e-001  1,52449e-005  1,48968e-005  2,13148e-005
            10  2,27594e+001  2,49000e+002  5,10000e+001  1,98210e+000  2,48988e+001  8,05657e-001  1,11628e+001  5,16968e+002  2,50000e+001  1,88736e+004  2,01152e+004  2,75832e+004  1,06578e+000  2,48065e-005  2,64383e-005  3,62539e-005
            11  2,27303e+001  2,52000e+002  5,60000e+001  2,04863e+000  2,58779e+001  8,75470e-001  1,17938e+001  5,29033e+002  2,50000e+001  1,72882e+004  2,12217e+004  2,73723e+004  1,22753e+000  2,30742e-005  2,83243e-005  3,65333e-005
            12  2,26879e+001  2,73000e+002  6,10000e+001  1,40000e+000  1,39171e+001  8,69708e-001  1,24756e+001  5,41436e+002  2,50000e+001  2,20962e+004  2,71187e+004  3,49810e+004  1,22730e+000  1,80574e-005  2,21618e-005  2,85870e-005
            13  2,26242e+001  2,97000e+002  6,60000e+001  2,00360e+000  2,54750e+001  8,71020e-001  1,31670e+001  5,54465e+002  2,50000e+001  1,73187e+004  2,09474e+004  2,71795e+004  1,20953e+000  2,34439e-005  2,83560e-005  3,67924e-005
            14  2,26685e+001  3,19000e+002  7,10000e+001  2,18201e+000  2,57116e+001  8,15549e-001  1,38642e+001  5,67577e+002  2,50000e+001  1,99813e+004  2,15833e+004  2,94124e+004  1,08018e+000  2,30973e-005  2,49492e-005  3,39992e-005
            15  2,26646e+001  3,24000e+002  7,60000e+001  3,08784e+000  2,50064e+001  7,48832e-001  1,46059e+001  5,80751e+002  2,50000e+001  3,12698e+004  3,00584e+004  4,33741e+004  9,61260e-001  1,66213e-005  1,59774e-005  2,30552e-005
            16  2,32003e+001  3,46000e+002  8,10000e+001  5,45000e-001  3,33562e+000  7,27451e-001  1,54268e+001  5,95734e+002  2,50000e+001  4,23925e+004  3,98058e+004  5,81518e+004  9,38984e-001  1,25361e-005  1,17712e-005  1,71964e-005
            17  2,28637e+001  3,72000e+002  8,60000e+001  2,53218e+000  1,13345e+001  7,81359e-001  1,62315e+001  6,10541e+002  2,50000e+001  5,45573e+004  5,94817e+004  8,07128e+004  1,09026e+000  8,37466e-006  9,13057e-006  1,23896e-005
            18  2,28215e+001  3,76000e+002  9,10000e+001  4,47145e+000  1,23203e+001  8,43846e-001  1,70105e+001  6,24661e+002  2,50000e+001  7,95366e+004  1,09744e+005  1,35536e+005  1,37980e+000  4,32973e-006  5,97414e-006  7,37814e-006
            19  2,27413e+001  3,99000e+002  9,60000e+001  5,65000e-001  7,28102e-001  8,72072e-001  1,78207e+001  6,39560e+002  2,50000e+001  1,31080e+005  2,89811e+005  3,18076e+005  2,21094e+000  1,29562e-006  2,86453e-006  3,14390e-006
            20  2,28291e+001  4,24000e+002  1,01000e+002  1,97500e+000  3,26099e+000  1,42117e+000  1,86015e+001  6,55565e+002  2,50000e+001 -1,62150e+004  2,06193e+005  2,06829e+005 -1,27162e+001 -3,79046e-007  4,82002e-006  4,83490e-006
CFRP_f1_100_5_2N, 17.04.2021 16:51:26
