         Index            Ts             t             f             F             x         Phase            F0            x0            Tr            M'            M"            M*     tan_delta            C'            C"            C*
           [#]          [°C]           [s]          [Hz]           [N]          [um]         [rad]           [N]          [um]          [°C]         [MPa]         [MPa]         [MPa]            []       [1/MPa]       [1/MPa]       [1/MPa]
             0  2,26446e+001  9,80000e+001  9,99999e-001  5,90000e-001  6,79520e+000  4,30521e-001  4,49500e+000  4,81425e+002  2,50000e+001  2,74516e+004  1,31210e+004  3,04261e+004  4,77968e-001  2,96533e-005  1,41734e-005  3,28665e-005
             1  2,27038e+001  1,17000e+002  6,00000e+000  3,63749e-001  3,03229e+000  6,46878e-001  4,88875e+000  4,88857e+002  2,50000e+001  3,30016e+004  2,65071e+004  4,23289e+004  8,03204e-001  1,84188e-005  1,47941e-005  2,36245e-005
             2  2,28344e+001  1,35000e+002  1,10000e+001  2,83443e-001  3,16096e+000  4,82268e-001  5,30266e+000  4,99571e+002  2,50000e+001  2,76206e+004  1,49952e+004  3,14285e+004  5,42898e-001  2,79631e-005  1,51811e-005  3,18182e-005
             3  2,26587e+001  1,56000e+002  1,60000e+001  2,24207e+000  2,81506e+001  3,41259e-001  5,58799e+000  5,06350e+002  2,50000e+001  2,61867e+004  9,51869e+003  2,78631e+004  3,63493e-001  3,37306e-005  1,22608e-005  3,58898e-005
             4  2,25987e+001  1,77000e+002  2,10000e+001  2,09554e+000  2,99314e+001  2,75347e-001  5,83753e+000  5,11463e+002  2,50000e+001  2,34723e+004  6,70314e+003  2,44106e+004  2,85577e-001  3,93910e-005  1,12491e-005  4,09657e-005
             5  2,25872e+001  1,81000e+002  2,60000e+001  2,05623e+000  3,05680e+001  2,87091e-001  6,14452e+000  5,17688e+002  2,50000e+001  2,24538e+004  6,66752e+003  2,34228e+004  2,96943e-001  4,09271e-005  1,21530e-005  4,26934e-005
             6  2,25670e+001  1,99000e+002  3,10000e+001  1,94969e+000  2,99955e+001  2,32151e-001  6,55577e+000  5,25735e+002  2,50000e+001  2,20189e+004  5,17165e+003  2,26181e+004  2,34873e-001  4,30411e-005  1,01092e-005  4,42124e-005
             7  2,25628e+001  2,02000e+002  3,60000e+001  1,94280e+000  3,22173e+001  2,67610e-001  7,02253e+000  5,34715e+002  2,50000e+001  2,02025e+004  5,48937e+003  2,09350e+004  2,71717e-001  4,60955e-005  1,25249e-005  4,77668e-005
             8  2,29251e+001  2,22000e+002  4,10000e+001  1,97136e+000  3,23815e+001  3,14753e-001  7,54787e+000  5,44330e+002  2,50000e+001  2,01062e+004  6,49443e+003  2,11290e+004  3,23007e-001  4,50371e-005  1,45473e-005  4,73282e-005
             9  2,30538e+001  2,25000e+002  4,60000e+001  1,98260e+000  3,25865e+001  3,66785e-001  8,12221e+000  5,54445e+002  2,50000e+001  1,97159e+004  7,52173e+003  2,11020e+004  3,81506e-001  4,42762e-005  1,68916e-005  4,73890e-005
            10  2,28895e+001  2,44000e+002  5,10000e+001  2,00633e+000  3,16780e+001  3,90825e-001  8,78006e+000  5,65822e+002  2,50000e+001  2,03432e+004  8,31988e+003  2,19788e+004  4,08976e-001  4,21127e-005  1,72231e-005  4,54985e-005
            11  2,28388e+001  2,49000e+002  5,60000e+001  2,16929e+000  3,10144e+001  4,05521e-001  9,49568e+000  5,78232e+002  2,50000e+001  2,23761e+004  9,54288e+003  2,43260e+004  4,26478e-001  3,78131e-005  1,61264e-005  4,11083e-005
            12  2,29927e+001  2,71000e+002  6,10000e+001  1,42531e+000  1,63676e+001  3,93491e-001  1,02933e+001  5,91739e+002  2,50000e+001  2,81725e+004  1,16559e+004  3,04885e+004  4,13735e-001  3,03077e-005  1,25394e-005  3,27993e-005
            13  2,29229e+001  2,76000e+002  6,60000e+001  2,83019e+000  2,62523e+001  4,28833e-001  1,11435e+001  6,06003e+002  2,50000e+001  3,45406e+004  1,58951e+004  3,80224e+004  4,60186e-001  2,38919e-005  1,09947e-005  2,63003e-005
            14  2,27175e+001  2,98000e+002  7,10000e+001  4,85000e-001  3,33250e+000  5,11764e-001  1,20846e+001  6,21623e+002  2,50000e+001  4,49727e+004  2,60220e+004  5,19586e+004  5,78618e-001  1,66585e-005  9,63889e-006  1,92461e-005
            15  2,27538e+001  3,03000e+002  7,60000e+001  3,68941e+000  2,01091e+001  6,98593e-001  1,30172e+001  6,37561e+002  2,50000e+001  4,90322e+004  4,39455e+004  6,58434e+004  8,96258e-001  1,13098e-005  1,01365e-005  1,51875e-005
            16  2,26394e+001  3,25000e+002  8,10000e+001  5,55000e-001  2,45056e+000  7,84540e-001  1,39300e+001  6,53225e+002  2,50000e+001  5,50158e+004  6,06780e+004  8,19058e+004  1,10292e+000  8,20084e-006  9,04486e-006  1,22092e-005
            17  2,26059e+001  3,30000e+002  8,60000e+001  4,01556e+000  1,35062e+001  1,17302e+000  1,48285e+001  6,68281e+002  2,50000e+001  3,11129e+004  1,00287e+005  1,05002e+005  3,22332e+000  2,82192e-006  9,09593e-006  9,52361e-006
            18  2,26107e+001  3,55000e+002  9,10000e+001  6,15000e-001  1,69158e+000  1,26252e+000  1,57552e+001  6,83863e+002  2,50000e+001  2,30778e+004  1,25551e+005  1,27654e+005  5,44032e+000  1,41620e-006  7,70459e-006  7,83367e-006
            19  2,27137e+001  3,79000e+002  9,60000e+001  3,18864e+000  1,00358e+001  1,23602e+000  1,66689e+001  6,99725e+002  2,50000e+001  2,53957e+004  1,08573e+005  1,11504e+005  4,27526e+000  2,04259e-006  8,73260e-006  8,96831e-006
            20  2,26706e+001  3,85000e+002  1,01000e+002  2,53000e+000  3,63610e+001  3,82558e-001  1,73803e+001  7,13476e+002  2,50000e+001  2,25082e+004  8,67942e+003  2,41237e+004  3,85612e-001  3,86771e-005  1,49143e-005  4,14531e-005
CFRP_f1_100_5_2N, 17.04.2021 16:03:06
