         Index            Ts             t             f             F             x         Phase            F0            x0            Tr            M'            M"            M*     tan_delta            C'            C"            C*
           [#]          [°C]           [s]          [Hz]           [N]          [um]         [rad]           [N]          [um]          [°C]         [MPa]         [MPa]         [MPa]            []       [1/MPa]       [1/MPa]       [1/MPa]
             0  2,25914e+001  9,90000e+001  9,99999e-001  6,05000e-001  3,64960e+000  8,13321e-001  5,01500e+000  3,97065e+002  2,50000e+001  3,81783e+004  4,48589e+004  5,89058e+004  1,17498e+000  1,10027e-005  1,29280e-005  1,69762e-005
             1  2,25542e+001  1,17000e+002  6,00000e+000  3,89078e-001  1,13103e+000  1,16144e+000  5,42438e+000  4,03028e+002  2,50000e+001  3,29546e+004  1,17976e+005  1,22492e+005  3,57996e+000  2,19633e-006  7,86278e-006  8,16377e-006
             2  2,25335e+001  1,35000e+002  1,10000e+001  3,80000e-001  2,42609e+000  8,61906e-001  5,83465e+000  4,14848e+002  2,50000e+001  3,39538e+004  4,37448e+004  5,53757e+004  1,28836e+000  1,10726e-005  1,42655e-005  1,80585e-005
             3  2,26248e+001  1,56000e+002  1,60000e+001  2,63331e+000  2,40434e+001  6,27778e-001  6,11931e+000  4,22164e+002  2,50000e+001  3,06389e+004  2,33641e+004  3,85308e+004  7,62563e-001  2,06375e-005  1,57374e-005  2,59532e-005
             4  2,27035e+001  1,77000e+002  2,10000e+001  2,19589e+000  2,84962e+001  3,25857e-001  6,36659e+000  4,28064e+002  2,50000e+001  2,54697e+004  8,75558e+003  2,69326e+004  3,43764e-001  3,51129e-005  1,20706e-005  3,71297e-005
             5  2,26868e+001  1,81000e+002  2,60000e+001  2,13179e+000  3,03132e+001  3,47591e-001  6,62736e+000  4,33909e+002  2,50000e+001  2,30082e+004  8,43133e+003  2,45044e+004  3,66449e-001  3,83173e-005  1,40413e-005  4,08090e-005
             6  2,27281e+001  1,99000e+002  3,10000e+001  2,03128e+000  3,20918e+001  3,14123e-001  6,87820e+000  4,39787e+002  2,50000e+001  2,09168e+004  6,80716e+003  2,19965e+004  3,25441e-001  4,32300e-005  1,40688e-005  4,54617e-005
             7  2,27294e+001  2,02000e+002  3,60000e+001  1,91703e+000  3,36657e+001  3,23022e-001  7,10284e+000  4,45043e+002  2,50000e+001  1,87217e+004  6,23814e+003  1,97336e+004  3,33204e-001  4,80763e-005  1,60192e-005  5,06749e-005
             8  2,27530e+001  2,22000e+002  4,10000e+001  1,99478e+000  3,52525e+001  3,29338e-001  7,30961e+000  4,49300e+002  2,50000e+001  1,85652e+004  6,29241e+003  1,96026e+004  3,38936e-001  4,83140e-005  1,63754e-005  5,10137e-005
             9  2,27170e+001  2,25000e+002  4,60000e+001  2,12848e+000  3,45949e+001  3,34073e-001  7,49861e+000  4,52949e+002  2,50000e+001  2,01921e+004  6,93996e+003  2,13515e+004  3,43696e-001  4,42921e-005  1,52230e-005  4,68352e-005
            10  2,26198e+001  2,44000e+002  5,10000e+001  2,33992e+000  3,09770e+001  3,30069e-001  7,69177e+000  4,56638e+002  2,50000e+001  2,49565e+004  8,48139e+003  2,63583e+004  3,39847e-001  3,59210e-005  1,22076e-005  3,79387e-005
            11  2,26193e+001  2,47000e+002  5,60000e+001  2,56131e+000  2,77805e+001  3,42991e-001  7,87821e+000  4,60057e+002  2,50000e+001  3,05022e+004  1,08598e+004  3,23777e+004  3,56035e-001  2,90963e-005  1,03593e-005  3,08854e-005
            12  2,27652e+001  2,67000e+002  6,10000e+001  1,87990e+000  1,56810e+001  3,45893e-001  8,06976e+000  4,63414e+002  2,50000e+001  4,00167e+004  1,45094e+004  4,25659e+004  3,62584e-001  2,20860e-005  8,00802e-006  2,34930e-005
            13  2,27321e+001  2,71000e+002  6,60000e+001  3,27445e+000  2,16138e+001  3,78500e-001  8,25395e+000  4,66602e+002  2,50000e+001  5,04345e+004  2,04919e+004  5,44386e+004  4,06307e-001  1,70182e-005  6,91463e-006  1,83693e-005
            14  2,27775e+001  2,92000e+002  7,10000e+001  4,95000e-001  2,48399e+000  4,04755e-001  8,44182e+000  4,69844e+002  2,50000e+001  6,65698e+004  2,98164e+004  7,29422e+004  4,47897e-001  1,25118e-005  5,60400e-006  1,37095e-005
            15  2,27297e+001  2,97000e+002  7,60000e+001  4,38336e+000  1,96833e+001  4,70669e-001  8,68299e+000  4,73912e+002  2,50000e+001  7,21509e+004  3,90393e+004  8,20354e+004  5,41078e-001  1,07211e-005  5,80094e-006  1,21899e-005
            16  2,27416e+001  3,18000e+002  8,10000e+001  4,55000e-001  1,78204e+000  4,26604e-001  9,05307e+000  4,80041e+002  2,50000e+001  8,58528e+004  4,17961e+004  9,54862e+004  4,86835e-001  9,41614e-006  4,58411e-006  1,04727e-005
            17  2,27536e+001  3,22000e+002  8,60000e+001  4,99468e+000  1,74731e+001  6,15020e-001  9,42839e+000  4,86072e+002  2,50000e+001  8,38900e+004  6,60970e+004  1,06801e+005  7,87900e-001  7,35468e-006  5,79475e-006  9,36325e-006
            18  2,26214e+001  3,43000e+002  9,10000e+001  4,20000e-001  1,60773e+000  5,07229e-001  9,83510e+000  4,92545e+002  2,50000e+001  8,35216e+004  5,01349e+004  9,74133e+004  6,00263e-001  8,80160e-006  5,28327e-006  1,02655e-005
            19  2,27023e+001  3,48000e+002  9,60000e+001  4,50631e+000  2,20764e+001  3,72472e-001  1,03658e+001  5,01080e+002  2,50000e+001  6,94683e+004  2,77653e+004  7,48115e+004  3,99683e-001  1,24122e-005  4,96097e-006  1,33669e-005
            20  2,26101e+001  3,70000e+002  1,01000e+002  3,90000e-001  1,97783e-001  6,15220e-002  1,10818e+001  5,12784e+002  2,50000e+001  3,51558e+006  7,07938e+005  3,58615e+006  2,01372e-001  2,73363e-007  5,50476e-008  2,78851e-007
CFRP_f1_100_5_2N, 17.04.2021 16:35:31
