         Index            Ts             t             f             F             x         Phase            F0            x0            Tr            M'            M"            M*     tan_delta            C'            C"            C*
           [#]          [°C]           [s]          [Hz]           [N]          [um]         [rad]           [N]          [um]          [°C]         [MPa]         [MPa]         [MPa]            []       [1/MPa]       [1/MPa]       [1/MPa]
             0  2,26907e+001  3,00000e+000  9,99999e-001  1,20000e-001  7,79213e+001  1,21076e+000  1,65000e-001  1,95787e+002  2,50000e+001  1,83771e+002  4,88694e+002  5,22105e+002  2,65926e+000  6,74156e-004  1,79276e-003  1,91532e-003
             1  2,26291e+001  2,10000e+001  6,00000e+000  1,13031e-001  4,27177e+001  1,31294e+000  1,74375e-001  2,07441e+002  2,50000e+001  2,29126e+002  8,67343e+002  8,97096e+002  3,78544e+000  2,84706e-004  1,07774e-003  1,11471e-003
             2  2,25809e+001  3,80000e+001  1,10000e+001  1,29264e-001  3,71615e+001  1,38075e+000  1,82719e-001  2,23108e+002  2,50000e+001  2,24268e+002  1,15776e+003  1,17928e+003  5,16237e+000  1,61263e-004  8,32502e-004  8,47977e-004
             3  2,25796e+001  4,20000e+001  1,60000e+001  1,45000e-001  1,02959e+002  1,62533e+000  1,89875e-001  2,36237e+002  2,50000e+001 -2,44105e+001  4,76656e+002  4,77280e+002 -1,95267e+001 -1,07159e-004  2,09246e-003  2,09521e-003
             4  2,26456e+001  6,00000e+001  2,10000e+001  1,60043e-001  1,06433e+002  1,60969e+000  1,96250e-001  2,60013e+002  2,50000e+001 -1,74960e+001  5,09263e+002  5,09564e+002 -2,91074e+001 -6,73816e-005  1,96131e-003  1,96246e-003
             5  2,26395e+001  6,30000e+001  2,60000e+001  1,90569e-001  9,38097e+001  1,37954e+000  2,13969e-001  2,78387e+002  2,50000e+001  1,34641e+002  6,75164e+002  6,88458e+002  5,01455e+000  2,84068e-004  1,42447e-003  1,45252e-003
             6  2,26197e+001  8,10000e+001  3,10000e+001  3,06509e-001  8,16864e+001  1,08029e+000  2,44671e-001  2,91022e+002  2,50000e+001  6,06339e+002  1,11843e+003  1,27221e+003  1,84456e+000  3,74624e-004  6,91016e-004  7,86032e-004
             7  2,26297e+001  1,02000e+002  3,60000e+001  4,42401e-001  9,49554e+001  7,49428e-001  2,74403e-001  2,95813e+002  2,50000e+001  1,16516e+003  1,06787e+003  1,58050e+003  9,16501e-001  4,66446e-004  4,27498e-004  6,32713e-004
             8  2,26023e+001  1,07000e+002  4,10000e+001  6,69631e-001  9,99325e+001  5,84524e-001  3,99180e-001  3,12785e+002  2,50000e+001  1,90785e+003  1,23889e+003  2,27481e+003  6,49365e-001  3,68685e-004  2,39411e-004  4,39597e-004
             9  2,27315e+001  1,26000e+002  4,60000e+001  5,62870e-001  6,53129e+001  4,07206e-001  5,24542e-001  3,28386e+002  2,50000e+001  2,69992e+003  1,13276e+003  2,92792e+003  4,19552e-001  3,14944e-004  1,32135e-004  3,41540e-004
            10  2,27151e+001  1,28000e+002  5,10000e+001  1,28318e+000  8,89769e+001  3,54465e-001  6,48661e-001  3,43426e+002  2,50000e+001  4,62253e+003  1,65552e+003  4,91004e+003  3,58141e-001  1,91738e-004  6,86693e-005  2,03664e-004
            11  2,27121e+001  1,31000e+002  5,60000e+001  1,56028e+000  8,72249e+001  3,56364e-001  7,71836e-001  3,57314e+002  2,50000e+001  5,73764e+003  2,06240e+003  6,09705e+003  3,59450e-001  1,54345e-004  5,54795e-005  1,64014e-004
            12  2,27992e+001  1,52000e+002  6,10000e+001  2,79013e-001  1,13989e+001  2,96648e-001  8,95843e-001  3,70135e+002  2,50000e+001  8,02789e+003  2,34727e+003  8,36402e+003  2,92389e-001  1,14755e-004  3,35531e-005  1,19560e-004
            13  2,27570e+001  1,56000e+002  6,60000e+001  2,03211e+000  6,24714e+001  2,93840e-001  1,03431e+000  3,83154e+002  2,50000e+001  1,07101e+004  3,09501e+003  1,11483e+004  2,88981e-001  8,61736e-005  2,49025e-005  8,96996e-005
            14  2,32403e+001  1,76000e+002  7,10000e+001  1,85294e-001  4,30943e+000  3,00255e-001  1,20239e+000  3,94906e+002  2,50000e+001  1,41851e+004  4,19934e+003  1,47937e+004  2,96038e-001  6,48160e-005  1,91880e-005  6,75965e-005
            15  2,33594e+001  1,82000e+002  7,60000e+001  2,52244e+000  4,80083e+001  5,04912e-001  1,39315e+000  4,07658e+002  2,50000e+001  1,59228e+004  8,62788e+003  1,81101e+004  5,41858e-001  4,85487e-005  2,63065e-005  5,52179e-005
            16  2,33548e+001  2,03000e+002  8,10000e+001  2,76609e-001  4,32119e+000  4,85573e-001  1,59706e+000  4,20905e+002  2,50000e+001  1,96743e+004  1,01884e+004  2,21559e+004  5,17850e-001  4,00796e-005  2,07552e-005  4,51348e-005
            17  2,32277e+001  2,09000e+002  8,60000e+001  2,48857e+000  3,26756e+001  9,24581e-001  1,75878e+000  4,28835e+002  2,50000e+001  1,57093e+004  2,10072e+004  2,62314e+004  1,33724e+000  2,28305e-005  3,05299e-005  3,81223e-005
            18  2,28870e+001  2,30000e+002  9,10000e+001  2,12138e-001  2,48320e+000  5,92065e-001  1,92594e+000  4,34586e+002  2,50000e+001  2,47127e+004  1,65227e+004  2,97274e+004  6,68593e-001  2,79645e-005  1,86969e-005  3,36390e-005
            19  2,29048e+001  2,36000e+002  9,60000e+001  2,67274e+000  3,17346e+001  2,65796e-001  2,14001e+000  4,40137e+002  2,50000e+001  2,85016e+004  7,30197e+003  2,94221e+004  2,56195e-001  3,29247e-005  8,43513e-006  3,39880e-005
            20  2,28159e+001  2,58000e+002  1,01000e+002  2,85000e-001  1,06101e+000  1,55177e+000  2,37623e+000  4,44753e+002  2,50000e+001 -6,09661e+003  9,02930e+004  9,04986e+004 -1,48104e+001 -7,44397e-007  1,10248e-005  1,10499e-005
CFRP_f1_100_5_2N, 17.04.2021 15:47:23
