         Index            Ts             t             f             F             x         Phase            F0            x0            Tr            M'            M"            M*     tan_delta            C'            C"            C*
           [#]          [°C]           [s]          [Hz]           [N]          [um]         [rad]           [N]          [um]          [°C]         [MPa]         [MPa]         [MPa]            []       [1/MPa]       [1/MPa]       [1/MPa]
             0  2,19449e+001  5,50000e+001  9,99998e-003  5,15000e-001  6,50944e+001  7,42639e-002  1,64000e+000  6,32154e+002  2,50000e+001  2,28535e+004  1,69652e+003  2,29163e+004  7,42349e-002  4,35173e-005  3,23050e-006  4,36370e-005
             1  2,20218e+001  1,25000e+002  5,01000e+000  2,79516e-001  3,60995e+001  1,48509e-001  1,55250e+000  6,68817e+002  2,50000e+001  2,21812e+004  3,30098e+003  2,24255e+004  1,48819e-001  4,41064e-005  6,56386e-006  4,45921e-005
             2  2,20722e+001  1,34000e+002  1,00100e+001  2,70519e-001  3,54243e+001  1,48650e-001  1,52295e+000  6,69883e+002  2,50000e+001  2,18782e+004  3,23125e+003  2,21156e+004  1,47692e-001  4,47318e-005  6,60654e-006  4,52170e-005
             3  2,21190e+001  1,41000e+002  1,50100e+001  2,70628e-001  3,59388e+001  1,08216e-001  1,51796e+000  6,68909e+002  2,50000e+001  2,16862e+004  2,28176e+003  2,18059e+004  1,05217e-001  4,56074e-005  4,79869e-006  4,58592e-005
             4  2,21112e+001  1,46000e+002  2,00100e+001  1,00756e+000  1,35406e+002  5,94549e-002  1,51210e+000  6,69071e+002  2,50000e+001  2,15132e+004  1,17757e+003  2,15454e+004  5,47374e-002  4,63443e-005  2,53677e-006  4,64137e-005
             5  2,20757e+001  1,56000e+002  2,50100e+001  1,00995e+000  1,36095e+002  7,28981e-002  1,50005e+000  6,70859e+002  2,50000e+001  2,14365e+004  1,43687e+003  2,14847e+004  6,70291e-002  4,64406e-005  3,11287e-006  4,65449e-005
             6  2,20788e+001  1,65000e+002  3,00100e+001  1,00041e+000  1,35752e+002  5,03577e-002  1,49783e+000  6,69628e+002  2,50000e+001  2,13125e+004  9,18771e+002  2,13323e+004  4,31094e-002  4,68337e-005  2,01898e-006  4,68772e-005
             7  2,20818e+001  1,68000e+002  3,50100e+001  1,00435e+000  1,36783e+002  4,74988e-002  1,49996e+000  6,68064e+002  2,50000e+001  2,12353e+004  8,28127e+002  2,12514e+004  3,89977e-002  4,70199e-005  1,83367e-006  4,70557e-005
             8  2,20725e+001  1,79000e+002  4,00100e+001  1,00295e+000  1,37240e+002  4,92713e-002  1,50051e+000  6,68082e+002  2,50000e+001  2,11309e+004  8,35493e+002  2,11474e+004  3,95390e-002  4,72503e-005  1,86823e-006  4,72872e-005
             9  2,21357e+001  1,82000e+002  4,50100e+001  9,98570e-001  1,37246e+002  5,34742e-002  1,50092e+000  6,68696e+002  2,50000e+001  2,10306e+004  8,94264e+002  2,10496e+004  4,25221e-002  4,74640e-005  2,01827e-006  4,75069e-005
            10  2,21055e+001  1,89000e+002  5,00100e+001  9,93301e-001  1,37233e+002  5,68191e-002  1,50276e+000  6,69640e+002  2,50000e+001  2,09147e+004  9,33712e+002  2,09356e+004  4,46437e-002  4,77181e-005  2,13031e-006  4,77656e-005
            11  2,20975e+001  1,92000e+002  5,50100e+001  1,01545e+000  1,41058e+002  5,93697e-002  1,50409e+000  6,70720e+002  2,50000e+001  2,07947e+004  9,55879e+002  2,08166e+004  4,59675e-002  4,79879e-005  2,20588e-006  4,80385e-005
            12  2,20894e+001  2,03000e+002  6,00100e+001  6,64843e-001  9,29200e+001  6,11377e-002  1,50316e+000  6,71787e+002  2,50000e+001  2,06617e+004  9,60872e+002  2,06841e+004  4,65049e-002  4,82942e-005  2,24592e-006  4,83464e-005
            13  2,20744e+001  2,07000e+002  6,50100e+001  1,00546e+000  1,41486e+002  6,33261e-002  1,50305e+000  6,72871e+002  2,50000e+001  2,05142e+004  9,73705e+002  2,05373e+004  4,74650e-002  4,86372e-005  2,30856e-006  4,86919e-005
            14  2,20570e+001  2,16000e+002  7,00100e+001  9,90241e-001  1,40382e+002  6,55247e-002  1,50375e+000  6,74075e+002  2,50000e+001  2,03548e+004  9,85894e+002  2,03787e+004  4,84354e-002  4,90134e-005  2,37399e-006  4,90709e-005
            15  2,19872e+001  2,36000e+002  7,50100e+001  9,95864e-001  1,42311e+002  6,78393e-002  1,50361e+000  6,75602e+002  2,50000e+001  2,01845e+004  9,99591e+002  2,02092e+004  4,95227e-002  4,94218e-005  2,44750e-006  4,94823e-005
            16  2,19868e+001  2,49000e+002  8,00100e+001  9,92374e-001  1,43387e+002  7,03546e-002  1,50444e+000  6,77029e+002  2,50000e+001  1,99538e+004  1,01389e+003  1,99796e+004  5,08117e-002  4,99866e-005  2,53991e-006  5,00511e-005
            17  2,19585e+001  2,61000e+002  8,50100e+001  9,86454e-001  1,43849e+002  7,34254e-002  1,50720e+000  6,78320e+002  2,50000e+001  1,97611e+004  1,04062e+003  1,97885e+004  5,26599e-002  5,04645e-005  2,65746e-006  5,05344e-005
            18  2,19540e+001  2,66000e+002  9,00100e+001  9,87074e-001  1,45247e+002  7,60345e-002  1,51013e+000  6,79483e+002  2,50000e+001  1,95733e+004  1,05783e+003  1,96019e+004  5,40444e-002  5,09412e-005  2,75308e-006  5,10155e-005
            19  2,19890e+001  2,76000e+002  9,50100e+001  9,88769e-001  1,46989e+002  7,49665e-002  1,51386e+000  6,80716e+002  2,50000e+001  1,93681e+004  1,00194e+003  1,93940e+004  5,17314e-002  5,14935e-005  2,66383e-006  5,15624e-005
            20  2,20366e+001  2,96000e+002  1,00010e+002  9,95995e-001  1,49806e+002  7,35530e-002  1,52398e+000  6,82063e+002  2,50000e+001  1,91360e+004  9,39041e+002  1,91590e+004  4,90720e-002  5,21320e-005  2,55822e-006  5,21947e-005
£CFRP_1N_1
