         Index            Ts             t             f             F             x         Phase            F0            x0            Tr            M'            M"            M*     tan_delta            C'            C"            C*
           [#]          [°C]           [s]          [Hz]           [N]          [um]         [rad]           [N]          [um]          [°C]         [MPa]         [MPa]         [MPa]            []       [1/MPa]       [1/MPa]       [1/MPa]
             0  2,21421e+001  5,50000e+001  9,99998e-003  4,00000e-001  8,93747e+001 -7,00900e-002  3,55000e-001  4,78545e+002  2,50000e+001  1,29133e+004 -9,13464e+002  1,29456e+004 -7,07380e-002  7,70537e-005 -5,45063e-006  7,72463e-005
             1  2,20507e+001  1,45000e+002  5,01000e+000  2,61455e-001  3,94762e+001  1,01756e-001  1,06437e+000  5,96443e+002  2,50000e+001  1,90765e+004  1,92925e+003  1,91738e+004  1,01132e-001  5,18898e-005  5,24774e-006  5,21545e-005
             2  2,21960e+001  1,69000e+002  1,00100e+001  6,35914e-001  8,56698e+001  8,40694e-002  1,25984e+000  6,29728e+002  2,50000e+001  2,14234e+004  1,75733e+003  2,14954e+004  8,20286e-002  4,63659e-005  3,80333e-006  4,65216e-005
             3  2,21603e+001  1,81000e+002  1,50100e+001  1,00433e+000  1,35135e+002  5,82488e-002  1,33004e+000  6,41911e+002  2,50000e+001  2,14889e+004  1,17683e+003  2,15211e+004  5,47647e-002  4,63966e-005  2,54089e-006  4,64661e-005
             4  2,21153e+001  1,91000e+002  2,00100e+001  1,00537e+000  1,35286e+002  5,51461e-002  1,38244e+000  6,50884e+002  2,50000e+001  2,14903e+004  1,08319e+003  2,15176e+004  5,04035e-002  4,64147e-005  2,33946e-006  4,64736e-005
             5  2,21116e+001  1,94000e+002  2,50100e+001  1,00490e+000  1,35042e+002  6,54050e-002  1,47040e+000  6,65828e+002  2,50000e+001  2,15060e+004  1,27926e+003  2,15440e+004  5,94838e-002  4,63346e-005  2,75616e-006  4,64165e-005
             6  2,20931e+001  2,05000e+002  3,00100e+001  1,00525e+000  1,34394e+002  5,37979e-002  1,50246e+000  6,71652e+002  2,50000e+001  2,16296e+004  1,00727e+003  2,16530e+004  4,65689e-002  4,61329e-005  2,14836e-006  4,61829e-005
             7  2,20912e+001  2,08000e+002  3,50100e+001  1,00874e+000  1,36730e+002  5,49335e-002  1,50291e+000  6,71823e+002  2,50000e+001  2,13298e+004  9,91174e+002  2,13529e+004  4,64689e-002  4,67816e-005  2,17389e-006  4,68321e-005
             8  2,20816e+001  2,20000e+002  4,00100e+001  1,00362e+000  1,37004e+002  5,80828e-002  1,50404e+000  6,72378e+002  2,50000e+001  2,11732e+004  1,02466e+003  2,11980e+004  4,83941e-002  4,71191e-005  2,28028e-006  4,71742e-005
             9  2,20779e+001  2,23000e+002  4,50100e+001  1,00107e+000  1,37405e+002  5,96710e-002  1,50380e+000  6,73224e+002  2,50000e+001  2,10528e+004  1,02633e+003  2,10778e+004  4,87504e-002  4,73869e-005  2,31013e-006  4,74432e-005
            10  2,21027e+001  2,32000e+002  5,00100e+001  1,03077e+000  1,42426e+002  6,11369e-002  1,50326e+000  6,73981e+002  2,50000e+001  2,09080e+004  1,02415e+003  2,09330e+004  4,89837e-002  4,77142e-005  2,33722e-006  4,77714e-005
            11  2,21142e+001  2,36000e+002  5,50100e+001  1,01364e+000  1,41000e+002  6,26009e-002  1,50295e+000  6,74623e+002  2,50000e+001  2,07630e+004  1,02186e+003  2,07881e+004  4,92153e-002  4,80463e-005  2,36461e-006  4,81044e-005
            12  2,20942e+001  2,45000e+002  6,00100e+001  1,02842e+000  1,44119e+002  6,40531e-002  1,50165e+000  6,75056e+002  2,50000e+001  2,06035e+004  1,01853e+003  2,06286e+004  4,94351e-002  4,84172e-005  2,39351e-006  4,84763e-005
            13  2,20894e+001  2,56000e+002  6,50100e+001  1,00114e+000  1,41454e+002  6,58299e-002  1,50062e+000  6,75662e+002  2,50000e+001  2,04280e+004  1,02102e+003  2,04535e+004  4,99813e-002  4,88305e-005  2,44061e-006  4,88914e-005
            14  2,20749e+001  2,60000e+002  7,00100e+001  9,91166e-001  1,41285e+002  6,72844e-002  1,49978e+000  6,76259e+002  2,50000e+001  2,02416e+004  1,01620e+003  2,02671e+004  5,02036e-002  4,92791e-005  2,47399e-006  4,93412e-005
            15  2,20883e+001  2,77000e+002  7,50100e+001  9,98500e-001  1,43679e+002  6,86491e-002  1,50143e+000  6,77477e+002  2,50000e+001  2,00442e+004  1,00894e+003  2,00695e+004  5,03358e-002  4,97638e-005  2,50490e-006  4,98268e-005
            16  2,21057e+001  2,89000e+002  8,00100e+001  9,90910e-001  1,44266e+002  6,90842e-002  1,50239e+000  6,78504e+002  2,50000e+001  1,98038e+004  9,80951e+002  1,98281e+004  4,95335e-002  5,03718e-005  2,49509e-006  5,04335e-005
            17  2,20922e+001  2,99000e+002  8,50100e+001  9,93562e-001  1,46067e+002  7,09631e-002  1,50123e+000  6,78739e+002  2,50000e+001  1,96033e+004  9,83754e+002  1,96280e+004  5,01831e-002  5,08837e-005  2,55350e-006  5,09477e-005
            18  2,21049e+001  3,10000e+002  9,00100e+001  9,81487e-001  1,45717e+002  7,46033e-002  1,50108e+000  6,79037e+002  2,50000e+001  1,94008e+004  1,02056e+003  1,94276e+004  5,26039e-002  5,14020e-005  2,70394e-006  5,14731e-005
            19  2,20870e+001  3,23000e+002  9,50100e+001  9,87693e-001  1,48233e+002  7,60776e-002  1,50059e+000  6,79588e+002  2,50000e+001  1,91830e+004  1,01377e+003  1,92098e+004  5,28472e-002  5,19843e-005  2,74722e-006  5,20569e-005
            20  2,21005e+001  3,35000e+002  1,00010e+002  9,88937e-001  1,50099e+002  7,50674e-002  1,50008e+000  6,80470e+002  2,50000e+001  1,89614e+004  9,59313e+002  1,89856e+004  5,05930e-002  5,26041e-005  2,66140e-006  5,26714e-005
£CFRP_1N_1
