         Index            Ts             t             f             F             x         Phase            F0            x0            Tr            M'            M"            M*     tan_delta            C'            C"            C*
           [#]          [°C]           [s]          [Hz]           [N]          [um]         [rad]           [N]          [um]          [°C]         [MPa]         [MPa]         [MPa]            []       [1/MPa]       [1/MPa]       [1/MPa]
             0  2,31275e+001  2,00000e+001  9,99999e-001  0,00000e+000  1,00920e+002  1,50671e+000  0,00000e+000  1,84654e+002  2,50000e+001  0,00000e+000  0,00000e+000  0,00000e+000  0,00000e+000  0,00000e+000  0,00000e+000  0,00000e+000
             1  2,30551e+001  3,90000e+001  6,00000e+000  7,00000e-002  3,96106e+001  1,23351e-001  1,23437e-001  2,63298e+002  2,50000e+001  5,00804e+002  6,13827e+001  5,04552e+002  1,22568e-001  1,96723e-003  2,41120e-004  1,98196e-003
             2  2,30075e+001  5,70000e+001  1,10000e+001  1,55768e-001  1,95248e+001  1,99344e-001  3,23445e-001  2,80820e+002  2,50000e+001  2,23917e+003  4,47565e+002  2,28346e+003  1,99880e-001  4,29438e-004  8,58362e-005  4,37932e-004
             3  2,30088e+001  6,20000e+001  1,60000e+001  1,39877e+000  1,04337e+002  2,64522e-001  5,00079e-001  2,90621e+002  2,50000e+001  3,71393e+003  9,96027e+002  3,84517e+003  2,68187e-001  2,51190e-004  6,73659e-005  2,60066e-004
             4  2,29914e+001  8,00000e+001  2,10000e+001  1,03409e+000  5,53393e+001  4,07670e-001  1,15774e+000  3,15292e+002  2,50000e+001  4,93313e+003  2,11810e+003  5,36863e+003  4,29362e-001  1,71158e-004  7,34886e-005  1,86267e-004
             5  2,29949e+001  8,30000e+001  2,60000e+001  2,19528e+000  7,42227e+001  4,25465e-001  1,72974e+000  3,37885e+002  2,50000e+001  7,77579e+003  3,51094e+003  8,53168e+003  4,51522e-001  1,06826e-004  4,82341e-005  1,17210e-004
             6  2,30629e+001  1,02000e+002  3,10000e+001  2,21940e+000  6,22779e+001  3,71386e-001  2,27683e+000  3,54250e+002  2,50000e+001  9,61166e+003  3,71796e+003  1,03057e+004  3,86818e-001  9,04991e-005  3,50066e-005  9,70338e-005
             7  2,32124e+001  1,25000e+002  3,60000e+001  1,68228e+000  3,74655e+001  2,48602e-001  2,79720e+000  3,66004e+002  2,50000e+001  1,26528e+004  3,15328e+003  1,30398e+004  2,49217e-001  7,44123e-005  1,85448e-005  7,66884e-005
             8  2,32022e+001  1,28000e+002  4,10000e+001  1,66180e+000  3,05027e+001  1,28188e-001  3,29710e+000  3,79270e+002  2,50000e+001  1,57734e+004  1,91486e+003  1,58892e+004  1,21398e-001  6,24772e-005  7,58463e-006  6,29359e-005
             9  2,31463e+001  1,47000e+002  4,60000e+001  1,72988e+000  2,68323e+001  4,26550e-002  3,76260e+000  3,91148e+002  2,50000e+001  1,88722e+004  6,07345e+002  1,88819e+004  3,21821e-002  5,29333e-005  1,70350e-006  5,29607e-005
            10  2,31450e+001  1,50000e+002  5,10000e+001  1,85555e+000  2,51605e+001  1,15381e-002  4,20311e+000  4,02511e+002  2,50000e+001  2,16807e+004 -2,32988e+001  2,16807e+004 -1,07463e-003  4,61239e-005 -4,95661e-008  4,61239e-005
            11  2,31756e+001  1,59000e+002  5,60000e+001  1,95010e+000  2,39967e+001  4,96718e-003  4,59354e+000  4,11655e+002  2,50000e+001  2,39608e+004 -2,19359e+002  2,39618e+004 -9,15489e-003  4,17313e-005 -3,82045e-007  4,17330e-005
            12  2,31602e+001  1,62000e+002  6,10000e+001  2,01098e+000  2,33262e+001  1,71618e-002  4,81979e+000  4,15729e+002  2,50000e+001  2,54672e+004  5,59172e+001  2,54672e+004  2,19566e-003  3,92661e-005  8,62149e-008  3,92662e-005
            13  2,30837e+001  1,74000e+002  6,60000e+001  2,03290e+000  2,30817e+001  2,92116e-002  4,95225e+000  4,17597e+002  2,50000e+001  2,60280e+004  3,49476e+002  2,60303e+004  1,34269e-002  3,84133e-005  5,15773e-007  3,84167e-005
            14  2,30426e+001  1,83000e+002  7,10000e+001  2,02632e+000  2,29966e+001  3,53767e-002  4,98981e+000  4,18254e+002  2,50000e+001  2,60295e+004  4,82818e+002  2,60340e+004  1,85489e-002  3,84048e-005  7,12365e-007  3,84114e-005
            15  2,30209e+001  1,92000e+002  7,60000e+001  2,01759e+000  2,30297e+001  3,70235e-002  4,98400e+000  4,18331e+002  2,50000e+001  2,58651e+004  4,90803e+002  2,58697e+004  1,89755e-002  3,86482e-005  7,33370e-007  3,86552e-005
            16  2,30313e+001  1,97000e+002  8,10000e+001  2,00472e+000  2,31302e+001  3,88671e-002  4,97543e+000  4,18356e+002  2,50000e+001  2,55682e+004  5,01207e+002  2,55731e+004  1,96027e-002  3,90960e-005  7,66389e-007  3,91035e-005
            17  2,29954e+001  2,09000e+002  8,60000e+001  2,02678e+000  2,33436e+001  4,04001e-002  4,96559e+000  4,18369e+002  2,50000e+001  2,56044e+004  5,09962e+002  2,56095e+004  1,99169e-002  3,90403e-005  7,77562e-007  3,90480e-005
            18  2,29809e+001  2,16000e+002  9,10000e+001  2,05118e+000  2,35832e+001  4,23158e-002  4,95503e+000  4,18383e+002  2,50000e+001  2,56398e+004  5,28913e+002  2,56452e+004  2,06286e-002  3,89853e-005  8,04214e-007  3,89936e-005
            19  2,30367e+001  2,25000e+002  9,60000e+001  1,98395e+000  2,27730e+001  4,40581e-002  4,94138e+000  4,18357e+002  2,50000e+001  2,56715e+004  5,43223e+002  2,56772e+004  2,11606e-002  3,89363e-005  8,23914e-007  3,89450e-005
            20  2,30382e+001  2,28000e+002  1,01000e+002  1,99958e+000  2,29209e+001  4,53603e-002  4,92768e+000  4,18293e+002  2,50000e+001  2,56959e+004  5,45677e+002  2,57017e+004  2,12359e-002  3,88991e-005  8,26058e-007  3,89079e-005
CFRP_f1_100_5_2N, 17.04.2021 14:13:29
