         Index            Ts             t             f             F             x         Phase            F0            x0            Tr            M'            M"            M*     tan_delta            C'            C"            C*
           [#]          [°C]           [s]          [Hz]           [N]          [um]         [rad]           [N]          [um]          [°C]         [MPa]         [MPa]         [MPa]            []       [1/MPa]       [1/MPa]       [1/MPa]
             0  2,30968e+001  7,00000e+000  9,99999e-001  8,60000e-001  1,28041e+001  1,90611e-002  1,47500e+000  3,57836e+002  2,50000e+001  1,97105e+004  3,81481e+002  1,97142e+004  1,93542e-002  5,07154e-005  9,81556e-007  5,07249e-005
             1  2,30838e+001  1,60000e+001  6,00000e+000  5,37704e-001  7,94169e+000  1,87644e-002  1,45313e+000  3,56922e+002  2,50000e+001  1,98740e+004  3,53497e+002  1,98772e+004  1,77869e-002  5,03010e-005  8,94697e-007  5,03089e-005
             2  2,30590e+001  2,50000e+001  1,10000e+001  5,33459e-001  7,92772e+000  1,84511e-002  1,44511e+000  3,57217e+002  2,50000e+001  1,97481e+004  3,19763e+002  1,97507e+004  1,61921e-002  5,06245e-005  8,19717e-007  5,06312e-005
             3  2,30597e+001  2,80000e+001  1,60000e+001  1,00229e+000  1,49346e+001  1,84979e-002  1,44308e+000  3,57363e+002  2,50000e+001  1,96935e+004  2,94806e+002  1,96957e+004  1,49697e-002  5,07668e-005  7,59964e-007  5,07725e-005
             4  2,30721e+001  3,60000e+001  2,10000e+001  1,00737e+000  1,50173e+001  1,89830e-002  1,44312e+000  3,57419e+002  2,50000e+001  1,96824e+004  2,79482e+002  1,96844e+004  1,41996e-002  5,07965e-005  7,21288e-007  5,08016e-005
             5  2,30923e+001  3,90000e+001  2,60000e+001  1,00116e+000  1,49381e+001  1,95849e-002  1,44078e+000  3,57447e+002  2,50000e+001  1,96622e+004  2,66410e+002  1,96640e+004  1,35493e-002  5,08497e-005  6,88980e-007  5,08543e-005
             6  2,31040e+001  4,50000e+001  3,10000e+001  1,00103e+000  1,49502e+001  2,09123e-002  1,44089e+000  3,57548e+002  2,50000e+001  1,96406e+004  2,68011e+002  1,96424e+004  1,36458e-002  5,09054e-005  6,94643e-007  5,09102e-005
             7  2,31084e+001  4,90000e+001  3,60000e+001  9,99800e-001  1,49388e+001  2,25187e-002  1,44144e+000  3,57731e+002  2,50000e+001  1,96279e+004  2,75370e+002  1,96299e+004  1,40295e-002  5,09378e-005  7,14632e-007  5,09428e-005
             8  2,31186e+001  5,50000e+001  4,10000e+001  1,00053e+000  1,49545e+001  2,42037e-002  1,44158e+000  3,57816e+002  2,50000e+001  1,96176e+004  2,84344e+002  1,96197e+004  1,44943e-002  5,09639e-005  7,38686e-007  5,09692e-005
             9  2,31201e+001  6,00000e+001  4,60000e+001  1,00115e+000  1,49648e+001  2,61098e-002  1,44346e+000  3,57847e+002  2,50000e+001  1,96121e+004  2,97843e+002  1,96143e+004  1,51867e-002  5,09772e-005  7,74177e-007  5,09831e-005
            10  2,31210e+001  6,90000e+001  5,10000e+001  9,99723e-001  1,49436e+001  2,80011e-002  1,44570e+000  3,57887e+002  2,50000e+001  1,96071e+004  3,11051e+002  1,96096e+004  1,58642e-002  5,09890e-005  8,08900e-007  5,09955e-005
            11  2,31107e+001  7,20000e+001  5,60000e+001  9,98544e-001  1,49305e+001  2,99350e-002  1,44636e+000  3,57957e+002  2,50000e+001  1,95958e+004  3,25005e+002  1,95985e+004  1,65855e-002  5,10174e-005  8,46148e-007  5,10244e-005
            12  2,30955e+001  7,90000e+001  6,10000e+001  9,99411e-001  1,49532e+001  3,15711e-002  1,44583e+000  3,58026e+002  2,50000e+001  1,95771e+004  3,32818e+002  1,95799e+004  1,70004e-002  5,10654e-005  8,68131e-007  5,10727e-005
            13  2,30760e+001  8,70000e+001  6,60000e+001  1,00450e+000  1,50447e+001  3,33352e-002  1,44611e+000  3,58080e+002  2,50000e+001  1,95506e+004  3,43052e+002  1,95536e+004  1,75469e-002  5,11336e-005  8,97236e-007  5,11415e-005
            14  2,30666e+001  9,70000e+001  7,10000e+001  1,00028e+000  1,50055e+001  3,45276e-002  1,44706e+000  3,58110e+002  2,50000e+001  1,95119e+004  3,41559e+002  1,95149e+004  1,75052e-002  5,12351e-005  8,96882e-007  5,12430e-005
            15  2,30590e+001  1,06000e+002  7,60000e+001  9,85923e-001  1,48221e+001  3,63210e-002  1,44652e+000  3,58111e+002  2,50000e+001  1,94616e+004  3,51899e+002  1,94648e+004  1,80817e-002  5,13664e-005  9,28793e-007  5,13748e-005
            16  2,30542e+001  1,15000e+002  8,10000e+001  1,00858e+000  1,51976e+001  4,37540e-002  1,44662e+000  3,58112e+002  2,50000e+001  1,94057e+004  4,74674e+002  1,94115e+004  2,44605e-002  5,15004e-005  1,25973e-006  5,15158e-005
            17  2,30601e+001  1,20000e+002  8,60000e+001  1,00803e+000  1,52182e+001  4,88533e-002  1,44761e+000  3,58115e+002  2,50000e+001  1,93580e+004  5,50524e+002  1,93658e+004  2,84391e-002  5,16165e-005  1,46793e-006  5,16374e-005
            18  2,30544e+001  1,27000e+002  9,10000e+001  1,00669e+000  1,52309e+001  5,53255e-002  1,44794e+000  3,58103e+002  2,50000e+001  1,93036e+004  6,53067e+002  1,93147e+004  3,38313e-002  5,17445e-005  1,75058e-006  5,17741e-005
            19  2,30601e+001  1,36000e+002  9,60000e+001  1,00894e+000  1,52962e+001  7,30989e-002  1,44884e+000  3,58065e+002  2,50000e+001  1,92402e+004  9,78701e+002  1,92651e+004  5,08674e-002  5,18403e-005  2,63698e-006  5,19073e-005
            20  2,30575e+001  1,45000e+002  1,01000e+002  9,82924e-001  1,49149e+001  9,40372e-002  1,45243e+000  3,58049e+002  2,50000e+001  1,91894e+004  1,36633e+003  1,92380e+004  7,12022e-002  5,18492e-005  3,69178e-006  5,19805e-005
CFRP_f1_100_5_1N, 17.04.2021 13:45:57
