         Index            Ts             t             f             F             x         Phase            F0            x0            Tr            M'            M"            M*     tan_delta            C'            C"            C*
           [#]          [°C]           [s]          [Hz]           [N]          [um]         [rad]           [N]          [um]          [°C]         [MPa]         [MPa]         [MPa]            []       [1/MPa]       [1/MPa]       [1/MPa]
             0  2,30191e+001  2,10000e+001  9,99999e-001  7,50000e-002  9,10784e+001  5,69168e-002  0,00000e+000  2,45166e+002  2,50000e+001  2,34642e+002  1,33151e+001  2,35019e+002  5,67463e-002  4,24813e-003  2,41066e-004  4,25497e-003
             1  2,31007e+001  4,00000e+001  6,00000e+000  2,05379e-001  1,55729e+001  4,11058e-002  3,65625e-001  2,97905e+002  2,50000e+001  3,78037e+003  1,50703e+002  3,78338e+003  3,98647e-002  2,64104e-004  1,05284e-005  2,64314e-004
             2  2,31302e+001  5,80000e+001  1,10000e+001  2,55174e-001  8,57938e+000  1,32408e-001  1,05190e+000  3,20650e+002  2,50000e+001  8,51683e+003  1,12487e+003  8,59079e+003  1,32076e-001  1,15402e-004  1,52418e-005  1,16404e-004
             3  2,31111e+001  7,90000e+001  1,60000e+001  2,93987e+000  5,99262e+001  1,07245e-001  1,85852e+000  3,42467e+002  2,50000e+001  1,42059e+004  1,50356e+003  1,42852e+004  1,05841e-001  6,96137e-005  7,36797e-006  7,00025e-005
             4  2,32097e+001  1,01000e+002  2,10000e+001  2,11005e+000  3,13656e+001  9,42023e-002  2,64264e+000  3,65385e+002  2,50000e+001  1,96574e+004  1,80534e+003  1,97401e+004  9,18403e-002  5,04460e-005  4,63298e-006  5,06583e-005
             5  2,32162e+001  1,04000e+002  2,60000e+001  1,90917e+000  2,73777e+001  3,91828e-002  3,45840e+000  3,85867e+002  2,50000e+001  2,04722e+004  6,91160e+002  2,04838e+004  3,37609e-002  4,87912e-005  1,64724e-006  4,88190e-005
             6  2,32032e+001  1,24000e+002  3,10000e+001  2,01000e+000  2,35591e+001  2,51346e-002  4,27656e+000  4,03643e+002  2,50000e+001  2,52224e+004  4,57355e+002  2,52266e+004  1,81329e-002  3,96342e-005  7,18683e-007  3,96407e-005
             7  2,32162e+001  1,28000e+002  3,60000e+001  2,00570e+000  2,34478e+001  2,61617e-002  4,76781e+000  4,10132e+002  2,50000e+001  2,52864e+004  4,53151e+002  2,52905e+004  1,79207e-002  3,95342e-005  7,08482e-007  3,95406e-005
             8  2,31845e+001  1,37000e+002  4,10000e+001  1,99912e+000  2,33069e+001  2,71916e-002  4,82862e+000  4,11175e+002  2,50000e+001  2,53538e+004  4,49058e+002  2,53578e+004  1,77116e-002  3,94294e-005  6,98360e-007  3,94356e-005
             9  2,31602e+001  1,40000e+002  4,60000e+001  2,00798e+000  2,33666e+001  2,86654e-002  4,85553e+000  4,11677e+002  2,50000e+001  2,53975e+004  4,56204e+002  2,54016e+004  1,79626e-002  3,93613e-005  7,07030e-007  3,93677e-005
            10  2,31115e+001  1,49000e+002  5,10000e+001  2,00028e+000  2,32393e+001  2,99264e-002  4,87808e+000  4,12076e+002  2,50000e+001  2,54343e+004  4,57634e+002  2,54385e+004  1,79928e-002  3,93042e-005  7,07191e-007  3,93106e-005
            11  2,31023e+001  1,52000e+002  5,60000e+001  2,00040e+000  2,31986e+001  3,12409e-002  4,89976e+000  4,12497e+002  2,50000e+001  2,54756e+004  4,60567e+002  2,54797e+004  1,80788e-002  3,92405e-005  7,09419e-007  3,92469e-005
            12  2,30878e+001  1,61000e+002  6,10000e+001  2,01050e+000  2,32765e+001  3,27639e-002  4,91737e+000  4,12849e+002  2,50000e+001  2,55128e+004  4,68956e+002  2,55171e+004  1,83812e-002  3,91828e-005  7,20229e-007  3,91895e-005
            13  2,30634e+001  1,70000e+002  6,60000e+001  2,01011e+000  2,32400e+001  3,43476e-002  4,92068e+000  4,13005e+002  2,50000e+001  2,55413e+004  4,78813e+002  2,55457e+004  1,87467e-002  3,91386e-005  7,33718e-007  3,91455e-005
            14  2,30397e+001  1,75000e+002  7,10000e+001  2,01055e+000  2,32073e+001  3,59859e-002  4,91823e+000  4,13086e+002  2,50000e+001  2,55758e+004  4,90267e+002  2,55805e+004  1,91692e-002  3,90851e-005  7,49230e-007  3,90923e-005
            15  2,30193e+001  1,82000e+002  7,60000e+001  2,01473e+000  2,32146e+001  3,76836e-002  4,91539e+000  4,13157e+002  2,50000e+001  2,56134e+004  5,03401e+002  2,56184e+004  1,96538e-002  3,90270e-005  7,67028e-007  3,90345e-005
            16  2,30082e+001  1,91000e+002  8,10000e+001  2,01719e+000  2,31947e+001  3,95183e-002  4,91102e+000  4,13205e+002  2,50000e+001  2,56586e+004  5,20385e+002  2,56639e+004  2,02811e-002  3,89573e-005  7,90097e-007  3,89653e-005
            17  2,29923e+001  1,99000e+002  8,60000e+001  2,04134e+000  2,34297e+001  4,11360e-002  4,90574e+000  4,13250e+002  2,50000e+001  2,56966e+004  5,31490e+002  2,57021e+004  2,06833e-002  3,88990e-005  8,04559e-007  3,89073e-005
            18  2,30017e+001  2,03000e+002  9,10000e+001  2,04604e+000  2,34398e+001  4,28823e-002  4,89863e+000  4,13284e+002  2,50000e+001  2,57352e+004  5,46086e+002  2,57410e+004  2,12194e-002  3,88398e-005  8,24159e-007  3,88486e-005
            19  2,29891e+001  2,14000e+002  9,60000e+001  2,03436e+000  2,32602e+001  4,44155e-002  4,89329e+000  4,13334e+002  2,50000e+001  2,57760e+004  5,55080e+002  2,57820e+004  2,15348e-002  3,87778e-005  8,35071e-007  3,87868e-005
            20  2,29917e+001  2,23000e+002  1,01000e+002  2,02426e+000  2,31015e+001  4,54233e-002  4,89287e+000  4,13402e+002  2,50000e+001  2,58139e+004  5,49961e+002  2,58197e+004  2,13049e-002  3,87213e-005  8,24952e-007  3,87301e-005
CFRP_f1_100_5_2N, 17.04.2021 14:01:47
