         Index            Ts             t             f             F             x         Phase            F0            x0            Tr            M'            M"            M*     tan_delta            C'            C"            C*
           [#]          [°C]           [s]          [Hz]           [N]          [um]         [rad]           [N]          [um]          [°C]         [MPa]         [MPa]         [MPa]            []       [1/MPa]       [1/MPa]       [1/MPa]
             0  2,30469e+001  1,80000e+001  9,99999e-001  8,60000e-001  1,28069e+001  2,00889e-002  1,44500e+000  3,58440e+002  2,50000e+001  1,97057e+004  4,02230e+002  1,97098e+004  2,04118e-002  5,07255e-005  1,03540e-006  5,07361e-005
             1  2,30632e+001  2,70000e+001  6,00000e+000  5,33308e-001  7,95333e+000  1,76662e-002  1,44656e+000  3,58194e+002  2,50000e+001  1,96776e+004  3,27666e+002  1,96803e+004  1,66518e-002  5,08052e-005  8,45996e-007  5,08122e-005
             2  2,30975e+001  3,90000e+001  1,10000e+001  1,00231e+000  1,49757e+001  1,69047e-002  1,45195e+000  3,58341e+002  2,50000e+001  1,96395e+004  2,86706e+002  1,96416e+004  1,45984e-002  5,09069e-005  7,43160e-007  5,09123e-005
             3  2,31053e+001  4,20000e+001  1,60000e+001  1,00406e+000  1,50083e+001  1,65112e-002  1,45202e+000  3,58350e+002  2,50000e+001  1,96300e+004  2,53705e+002  1,96316e+004  1,29244e-002  5,09339e-005  6,58289e-007  5,09382e-005
             4  2,31258e+001  5,10000e+001  2,10000e+001  9,96792e-001  1,49044e+001  1,78763e-002  1,45207e+000  3,58378e+002  2,50000e+001  1,96219e+004  2,56256e+002  1,96236e+004  1,30597e-002  5,09548e-005  6,65454e-007  5,09591e-005
             5  2,31240e+001  5,40000e+001  2,60000e+001  9,99181e-001  1,49472e+001  1,84180e-002  1,45446e+000  3,58413e+002  2,50000e+001  1,96103e+004  2,42145e+002  1,96118e+004  1,23479e-002  5,09859e-005  6,29567e-007  5,09898e-005
             6  2,31238e+001  6,00000e+001  3,10000e+001  1,00566e+000  1,50392e+001  1,99265e-002  1,45681e+000  3,58492e+002  2,50000e+001  1,96141e+004  2,47746e+002  1,96157e+004  1,26310e-002  5,09756e-005  6,43874e-007  5,09797e-005
             7  2,31262e+001  6,30000e+001  3,60000e+001  1,00360e+000  1,50069e+001  2,15392e-002  1,45845e+000  3,58506e+002  2,50000e+001  1,96130e+004  2,55390e+002  1,96147e+004  1,30215e-002  5,09780e-005  6,63807e-007  5,09823e-005
             8  2,31188e+001  7,20000e+001  4,10000e+001  9,99466e-001  1,49474e+001  2,31749e-002  1,45982e+000  3,58459e+002  2,50000e+001  1,96061e+004  2,63419e+002  1,96079e+004  1,34355e-002  5,09952e-005  6,85147e-007  5,09998e-005
             9  2,31216e+001  7,50000e+001  4,60000e+001  1,01537e+000  1,51823e+001  2,48669e-002  1,45988e+000  3,58450e+002  2,50000e+001  1,96058e+004  2,72675e+002  1,96077e+004  1,39079e-002  5,09954e-005  7,09237e-007  5,10004e-005
            10  2,31223e+001  8,50000e+001  5,10000e+001  1,00572e+000  1,50345e+001  2,66579e-002  1,45788e+000  3,58483e+002  2,50000e+001  1,96059e+004  2,83936e+002  1,96080e+004  1,44821e-002  5,09943e-005  7,38506e-007  5,09996e-005
            11  2,31125e+001  8,80000e+001  5,60000e+001  1,00072e+000  1,49559e+001  2,87040e-002  1,45743e+000  3,58545e+002  2,50000e+001  1,96059e+004  3,00345e+002  1,96082e+004  1,53191e-002  5,09932e-005  7,81170e-007  5,09991e-005
            12  2,31051e+001  9,90000e+001  6,10000e+001  1,00080e+000  1,49563e+001  3,09398e-002  1,45965e+000  3,58582e+002  2,50000e+001  1,96012e+004  3,20506e+002  1,96038e+004  1,63513e-002  5,10037e-005  8,33979e-007  5,10105e-005
            13  2,30973e+001  1,09000e+002  6,60000e+001  9,95869e-001  1,48862e+001  3,32056e-002  1,46084e+000  3,58578e+002  2,50000e+001  1,95900e+004  3,41149e+002  1,95929e+004  1,74145e-002  5,10311e-005  8,88681e-007  5,10388e-005
            14  2,30993e+001  1,18000e+002  7,10000e+001  9,92817e-001  1,48489e+001  3,52255e-002  1,46058e+000  3,58573e+002  2,50000e+001  1,95720e+004  3,56697e+002  1,95753e+004  1,82248e-002  5,10763e-005  9,30855e-007  5,10848e-005
            15  2,31058e+001  1,21000e+002  7,60000e+001  1,01748e+000  1,52322e+001  3,70920e-002  1,46041e+000  3,58565e+002  2,50000e+001  1,95459e+004  3,68972e+002  1,95494e+004  1,88772e-002  5,11433e-005  9,65443e-007  5,11525e-005
            16  2,31362e+001  1,30000e+002  8,10000e+001  1,01725e+000  1,52634e+001  3,98029e-002  1,46106e+000  3,58556e+002  2,50000e+001  1,94923e+004  3,97601e+002  1,94964e+004  2,03978e-002  5,12809e-005  1,04602e-006  5,12916e-005
            17  2,30899e+001  1,42000e+002  8,60000e+001  9,93326e-001  1,49296e+001  4,19619e-002  1,46204e+000  3,58566e+002  2,50000e+001  1,94505e+004  4,15289e+002  1,94549e+004  2,13511e-002  5,13892e-005  1,09722e-006  5,14010e-005
            18  2,30880e+001  1,50000e+002  9,10000e+001  1,02934e+000  1,55051e+001  4,42176e-002  1,46430e+000  3,58548e+002  2,50000e+001  1,93978e+004  4,34584e+002  1,94026e+004  2,24038e-002  5,15265e-005  1,15439e-006  5,15394e-005
            19  2,30932e+001  1,54000e+002  9,60000e+001  1,04922e+000  1,58547e+001  4,88607e-002  1,46762e+000  3,58494e+002  2,50000e+001  1,93243e+004  5,00738e+002  1,93308e+004  2,59124e-002  5,17137e-005  1,34002e-006  5,17310e-005
            20  2,31077e+001  1,63000e+002  1,01000e+002  1,05619e+000  1,60170e+001  5,38690e-002  1,46893e+000  3,58474e+002  2,50000e+001  1,92425e+004  5,73362e+002  1,92511e+004  2,97966e-002  5,19221e-005  1,54710e-006  5,19452e-005
CFRP_f1_100_5_1N, 17.04.2021 13:30:42
