         Index            Ts             t             f             F             x         Phase            F0            x0            Tr            M'            M"            M*     tan_delta            C'            C"            C*
           [#]          [°C]           [s]          [Hz]           [N]          [um]         [rad]           [N]          [um]          [°C]         [MPa]         [MPa]         [MPa]            []       [1/MPa]       [1/MPa]       [1/MPa]
             0  2,29707e+001  2,00000e+001  9,99999e-001  6,50000e-002  9,27588e+001  5,32812e-002  0,00000e+000  2,42316e+002  2,50000e+001  1,99702e+002  1,06033e+001  1,99983e+002  5,30957e-002  4,99338e-003  2,65127e-004  5,00042e-003
             1  2,29481e+001  3,90000e+001  6,00000e+000  2,04485e-001  1,77654e+001  4,20057e-002  3,40625e-001  2,96999e+002  2,50000e+001  3,29696e+003  1,34326e+002  3,29969e+003  4,07424e-002  3,02807e-004  1,23371e-005  3,03058e-004
             2  2,29455e+001  5,70000e+001  1,10000e+001  2,47939e-001  8,98937e+000  1,34849e-001  1,07980e+000  3,21618e+002  2,50000e+001  7,88831e+003  1,06072e+003  7,95930e+003  1,34468e-001  1,24518e-004  1,67437e-005  1,25639e-004
             3  2,30222e+001  8,00000e+001  1,60000e+001  2,69357e+000  6,07076e+001  1,07762e-001  1,94390e+000  3,44464e+002  2,50000e+001  1,28223e+004  1,36123e+003  1,28943e+004  1,06161e-001  7,71201e-005  8,18718e-006  7,75535e-005
             4  2,29959e+001  1,01000e+002  2,10000e+001  2,04779e+000  3,23237e+001  2,10849e-002  2,61349e+000  3,60796e+002  2,50000e+001  1,85583e+004  3,03173e+002  1,85608e+004  1,63363e-002  5,38699e-005  8,80033e-007  5,38771e-005
             5  2,29883e+001  1,04000e+002  2,60000e+001  2,00934e+000  2,56516e+001  2,18071e-002  3,15064e+000  3,77025e+002  2,50000e+001  2,30918e+004  3,67459e+002  2,30947e+004  1,59130e-002  4,32945e-005  6,88944e-007  4,33000e-005
             6  2,31488e+001  1,25000e+002  3,10000e+001  2,02002e+000  2,32720e+001  2,14928e-002  3,65513e+000  3,88987e+002  2,50000e+001  2,56791e+004  3,68885e+002  2,56817e+004  1,43652e-002  3,89342e-005  5,59297e-007  3,89382e-005
             7  2,31814e+001  1,28000e+002  3,60000e+001  2,00945e+000  2,32497e+001  2,37793e-002  4,10708e+000  3,97944e+002  2,50000e+001  2,55605e+004  3,95053e+002  2,55635e+004  1,54556e-002  3,91136e-005  6,04525e-007  3,91182e-005
             8  2,32010e+001  1,34000e+002  4,10000e+001  2,01151e+000  2,31824e+001  2,62885e-002  4,49246e+000  4,06547e+002  2,50000e+001  2,56595e+004  4,30619e+002  2,56631e+004  1,67820e-002  3,89609e-005  6,53843e-007  3,89664e-005
             9  2,32062e+001  1,37000e+002  4,60000e+001  2,01371e+000  2,32197e+001  2,80711e-002  4,73087e+000  4,11147e+002  2,50000e+001  2,56402e+004  4,44907e+002  2,56440e+004  1,73519e-002  3,89896e-005  6,76545e-007  3,89954e-005
            10  2,32212e+001  1,44000e+002  5,10000e+001  2,01321e+000  2,32353e+001  2,97593e-002  4,88279e+000  4,13377e+002  2,50000e+001  2,56096e+004  4,56461e+002  2,56136e+004  1,78238e-002  3,90355e-005  6,95763e-007  3,90417e-005
            11  2,32631e+001  1,47000e+002  5,60000e+001  2,01420e+000  2,32610e+001  3,14390e-002  4,92665e+000  4,14124e+002  2,50000e+001  2,55865e+004  4,67906e+002  2,55907e+004  1,82872e-002  3,90701e-005  7,14484e-007  3,90766e-005
            12  2,33396e+001  1,56000e+002  6,10000e+001  2,01219e+000  2,32383e+001  3,30854e-002  4,92231e+000  4,14186e+002  2,50000e+001  2,55785e+004  4,78742e+002  2,55830e+004  1,87166e-002  3,90816e-005  7,31474e-007  3,90885e-005
            13  2,33452e+001  1,67000e+002  6,60000e+001  2,01535e+000  2,32702e+001  3,46661e-002  4,91905e+000  4,14260e+002  2,50000e+001  2,55756e+004  4,87933e+002  2,55802e+004  1,90781e-002  3,90856e-005  7,45677e-007  3,90927e-005
            14  2,33090e+001  1,70000e+002  7,10000e+001  2,01401e+000  2,32514e+001  3,61484e-002  4,91795e+000  4,14365e+002  2,50000e+001  2,55710e+004  4,94484e+002  2,55757e+004  1,93377e-002  3,90923e-005  7,55955e-007  3,90996e-005
            15  2,32208e+001  1,79000e+002  7,60000e+001  2,02331e+000  2,33532e+001  3,76983e-002  4,92060e+000  4,14512e+002  2,50000e+001  2,55680e+004  5,02867e+002  2,55730e+004  1,96678e-002  3,90962e-005  7,68936e-007  3,91038e-005
            16  2,31653e+001  1,88000e+002  8,10000e+001  1,98768e+000  2,29292e+001  3,92852e-002  4,92408e+000  4,14663e+002  2,50000e+001  2,55731e+004  5,12400e+002  2,55782e+004  2,00367e-002  3,90879e-005  7,83194e-007  3,90958e-005
            17  2,31175e+001  1,97000e+002  8,60000e+001  2,03090e+000  2,34137e+001  4,08046e-002  4,92853e+000  4,14823e+002  2,50000e+001  2,55785e+004  5,20165e+002  2,55838e+004  2,03360e-002  3,90791e-005  7,94712e-007  3,90872e-005
            18  2,31808e+001  2,01000e+002  9,10000e+001  2,03201e+000  2,34173e+001  4,22661e-002  4,93354e+000  4,14987e+002  2,50000e+001  2,55779e+004  5,26271e+002  2,55833e+004  2,05753e-002  3,90797e-005  8,04076e-007  3,90880e-005
            19  2,31886e+001  2,12000e+002  9,60000e+001  2,00557e+000  2,31030e+001  4,37412e-002  4,94125e+000  4,15174e+002  2,50000e+001  2,55773e+004  5,32748e+002  2,55829e+004  2,08289e-002  3,90802e-005  8,14000e-007  3,90887e-005
            20  2,30910e+001  2,22000e+002  1,01000e+002  2,00874e+000  2,31214e+001  4,48584e-002  4,94943e+000  4,15356e+002  2,50000e+001  2,55861e+004  5,29933e+002  2,55915e+004  2,07118e-002  3,90670e-005  8,09148e-007  3,90754e-005
CFRP_f1_100_5_2N, 17.04.2021 14:08:28
