         Index            Ts             t             f             F             x         Phase            F0            x0            Tr            M'            M"            M*     tan_delta            C'            C"            C*
           [#]          [°C]           [s]          [Hz]           [N]          [um]         [rad]           [N]          [um]          [°C]         [MPa]         [MPa]         [MPa]            []       [1/MPa]       [1/MPa]       [1/MPa]
             0  2,31488e+001  9,00000e+000  9,99999e-001  8,70000e-001  1,01891e+001  2,29385e-002  3,58000e+000  3,89345e+002  2,50000e+001  2,52519e+004  5,94145e+002  2,52589e+004  2,35287e-002  3,95791e-005  9,31244e-007  3,95900e-005
             1  2,31084e+001  1,90000e+001  6,00000e+000  5,41039e-001  6,31715e+000  2,24263e-002  3,50187e+000  3,89587e+002  2,50000e+001  2,53326e+004  5,50313e+002  2,53386e+004  2,17235e-002  3,94562e-005  8,57128e-007  3,94655e-005
             2  2,30853e+001  2,70000e+001  1,10000e+001  1,00402e+000  1,17415e+001  2,17418e-002  3,47188e+000  3,90188e+002  2,50000e+001  2,52910e+004  4,99063e+002  2,52960e+004  1,97328e-002  3,95243e-005  7,79926e-007  3,95320e-005
             3  2,30869e+001  3,00000e+001  1,60000e+001  1,00582e+000  1,17680e+001  2,16321e-002  3,46146e+000  3,90527e+002  2,50000e+001  2,52779e+004  4,63576e+002  2,52822e+004  1,83392e-002  3,95469e-005  7,25258e-007  3,95536e-005
             4  2,30849e+001  3,60000e+001  2,10000e+001  1,00572e+000  1,17719e+001  2,24624e-002  3,45473e+000  3,90756e+002  2,50000e+001  2,52645e+004  4,52758e+002  2,52685e+004  1,79207e-002  3,95686e-005  7,09098e-007  3,95749e-005
             5  2,30708e+001  3,90000e+001  2,60000e+001  1,00623e+000  1,17861e+001  2,32058e-002  3,44180e+000  3,91024e+002  2,50000e+001  2,52438e+004  4,39544e+002  2,52476e+004  1,74120e-002  3,96017e-005  6,89544e-007  3,96077e-005
             6  2,30438e+001  4,80000e+001  3,10000e+001  1,00331e+000  1,17502e+001  2,49021e-002  3,43363e+000  3,91343e+002  2,50000e+001  2,52438e+004  4,51666e+002  2,52478e+004  1,78922e-002  3,96011e-005  7,08550e-007  3,96074e-005
             7  2,30403e+001  4,90000e+001  3,60000e+001  1,00071e+000  1,17087e+001  2,67351e-002  3,42979e+000  3,91522e+002  2,50000e+001  2,52640e+004  4,67761e+002  2,52684e+004  1,85149e-002  3,95684e-005  7,32604e-007  3,95752e-005
             8  2,30373e+001  5,70000e+001  4,10000e+001  1,00110e+000  1,16996e+001  2,83495e-002  3,42691e+000  3,91585e+002  2,50000e+001  2,52898e+004  4,78258e+002  2,52943e+004  1,89111e-002  3,95275e-005  7,47508e-007  3,95346e-005
             9  2,30334e+001  6,00000e+001  4,60000e+001  1,00442e+000  1,17254e+001  2,98123e-002  3,42565e+000  3,91647e+002  2,50000e+001  2,53134e+004  4,84755e+002  2,53180e+004  1,91502e-002  3,94903e-005  7,56246e-007  3,94976e-005
            10  2,30495e+001  6,70000e+001  5,10000e+001  1,00511e+000  1,17190e+001  3,12728e-002  3,42445e+000  3,91706e+002  2,50000e+001  2,53399e+004  4,91266e+002  2,53446e+004  1,93871e-002  3,94487e-005  7,64794e-007  3,94561e-005
            11  2,30542e+001  6,90000e+001  5,60000e+001  1,00666e+000  1,17236e+001  3,30805e-002  3,42152e+000  3,91726e+002  2,50000e+001  2,53635e+004  5,06875e+002  2,53686e+004  1,99844e-002  3,94110e-005  7,87604e-007  3,94188e-005
            12  2,30725e+001  7,80000e+001  6,10000e+001  1,00441e+000  1,16836e+001  3,51750e-002  3,41805e+000  3,91725e+002  2,50000e+001  2,53867e+004  5,30060e+002  2,53922e+004  2,08795e-002  3,93736e-005  8,22099e-007  3,93822e-005
            13  2,31008e+001  8,80000e+001  6,60000e+001  1,00930e+000  1,17253e+001  3,74983e-002  3,41545e+000  3,91744e+002  2,50000e+001  2,54124e+004  5,59385e+002  2,54186e+004  2,20123e-002  3,93318e-005  8,65783e-007  3,93413e-005
            14  2,31101e+001  9,60000e+001  7,10000e+001  1,00015e+000  1,16031e+001  3,94756e-002  3,41196e+000  3,91760e+002  2,50000e+001  2,54399e+004  5,79688e+002  2,54465e+004  2,27865e-002  3,92879e-005  8,95235e-007  3,92981e-005
            15  2,31136e+001  9,90000e+001  7,60000e+001  1,00650e+000  1,16589e+001  4,10088e-002  3,40894e+000  3,91757e+002  2,50000e+001  2,54711e+004  5,88391e+002  2,54779e+004  2,31003e-002  3,92392e-005  9,06439e-007  3,92497e-005
            16  2,31338e+001  1,08000e+002  8,10000e+001  1,01655e+000  1,17538e+001  4,22260e-002  3,40742e+000  3,91755e+002  2,50000e+001  2,55099e+004  5,88942e+002  2,55167e+004  2,30868e-002  3,91796e-005  9,04530e-007  3,91900e-005
            17  2,31388e+001  1,17000e+002  8,60000e+001  1,03331e+000  1,19301e+001  4,35087e-002  3,40580e+000  3,91796e+002  2,50000e+001  2,55385e+004  5,90991e+002  2,55454e+004  2,31412e-002  3,91356e-005  9,05642e-007  3,91460e-005
            18  2,31318e+001  1,27000e+002  9,10000e+001  1,00487e+000  1,15821e+001  4,50753e-002  3,40292e+000  3,91847e+002  2,50000e+001  2,55721e+004  6,00703e+002  2,55791e+004  2,34906e-002  3,90836e-005  9,18095e-007  3,90944e-005
            19  2,31349e+001  1,30000e+002  9,60000e+001  1,01418e+000  1,16662e+001  4,66374e-002  3,40045e+000  3,91916e+002  2,50000e+001  2,56132e+004  6,10519e+002  2,56205e+004  2,38361e-002  3,90201e-005  9,30087e-007  3,90312e-005
            20  2,31316e+001  1,41000e+002  1,01000e+002  1,01520e+000  1,16583e+001  4,79812e-002  3,40081e+000  3,91988e+002  2,50000e+001  2,56456e+004  6,14338e+002  2,56529e+004  2,39549e-002  3,89707e-005  9,33540e-007  3,89819e-005
CFRP_f1_100_5_1N, 17.04.2021 13:26:28
