         Index            Ts             t             f             F             x         Phase            F0            x0            Tr            M'            M"            M*     tan_delta            C'            C"            C*
           [#]          [°C]           [s]          [Hz]           [N]          [um]         [rad]           [N]          [um]          [°C]         [MPa]         [MPa]         [MPa]            []       [1/MPa]       [1/MPa]       [1/MPa]
             0  2,30819e+001  2,10000e+001  9,99999e-001  0,00000e+000  1,01041e+002  1,60515e-001  0,00000e+000  1,85425e+002  2,50000e+001  0,00000e+000  0,00000e+000  0,00000e+000  0,00000e+000  0,00000e+000  0,00000e+000  0,00000e+000
             1  2,30977e+001  4,00000e+001  6,00000e+000  5,00000e-002  4,16515e+001  1,32075e-001  1,12500e-001  2,65399e+002  2,50000e+001  3,39734e+002  4,46436e+001  3,42655e+002  1,31408e-001  2,89352e-003  3,80230e-004  2,91839e-003
             2  2,30775e+001  5,80000e+001  1,10000e+001  1,45969e-001  2,18679e+001  2,02678e-001  3,05687e-001  2,83242e+002  2,50000e+001  1,87126e+003  3,80332e+002  1,90952e+003  2,03249e-001  5,13200e-004  1,04308e-004  5,23693e-004
             3  2,30451e+001  6,30000e+001  1,60000e+001  1,33153e+000  1,09127e+002  2,67593e-001  4,82417e-001  2,92541e+002  2,50000e+001  3,37587e+003  9,16064e+002  3,49795e+003  2,71357e-001  2,75904e-004  7,48685e-005  2,85882e-004
             4  2,30051e+001  8,10000e+001  2,10000e+001  9,97004e-001  5,60243e+001  4,11889e-001  1,16199e+000  3,18105e+002  2,50000e+001  4,68809e+003  2,03570e+003  5,11100e+003  4,34227e-001  1,79467e-004  7,79295e-005  1,95657e-004
             5  2,29979e+001  8,40000e+001  2,60000e+001  2,19145e+000  7,70556e+001  4,30953e-001  1,74428e+000  3,41204e+002  2,50000e+001  7,45524e+003  3,41434e+003  8,19990e+003  4,57979e-001  1,10878e-004  5,07798e-005  1,21953e-004
             6  2,31741e+001  1,03000e+002  3,10000e+001  2,21185e+000  6,28864e+001  3,74415e-001  2,29464e+000  3,57892e+002  2,50000e+001  9,47330e+003  3,69716e+003  1,01692e+004  3,90272e-001  9,16070e-005  3,57516e-005  9,83362e-005
             7  2,31685e+001  1,24000e+002  3,60000e+001  1,68786e+000  3,77249e+001  2,50129e-001  2,80396e+000  3,69607e+002  2,50000e+001  1,26016e+004  3,16113e+003  1,29921e+004  2,50851e-001  7,46569e-005  1,87278e-005  7,69700e-005
             8  2,31259e+001  1,29000e+002  4,10000e+001  1,64991e+000  3,03137e+001  1,29033e-001  3,28803e+000  3,82807e+002  2,50000e+001  1,57562e+004  1,92655e+003  1,58735e+004  1,22272e-001  6,25322e-005  7,64596e-006  6,29979e-005
             9  2,31061e+001  1,48000e+002  4,60000e+001  1,74220e+000  2,69974e+001  4,29106e-002  3,74290e+000  3,94736e+002  2,50000e+001  1,88907e+004  6,12926e+002  1,89007e+004  3,24459e-002  5,28803e-005  1,71575e-006  5,29082e-005
            10  2,30926e+001  1,51000e+002  5,10000e+001  1,85474e+000  2,50999e+001  1,15079e-002  4,17614e+000  4,06320e+002  2,50000e+001  2,17249e+004 -2,40241e+001  2,17249e+004 -1,10583e-003  4,60300e-005 -5,09014e-008  4,60300e-005
            11  2,31228e+001  1,60000e+002  5,60000e+001  1,95449e+000  2,40022e+001  5,04063e-003  4,55512e+000  4,15657e+002  2,50000e+001  2,40108e+004 -2,18006e+002  2,40118e+004 -9,07950e-003  4,16445e-005 -3,78111e-007  4,16462e-005
            12  2,31628e+001  1,65000e+002  6,10000e+001  2,01433e+000  2,33233e+001  1,74637e-002  4,76203e+000  4,19577e+002  2,50000e+001  2,55144e+004  6,40161e+001  2,55145e+004  2,50902e-003  3,91933e-005  9,83368e-008  3,91935e-005
            13  2,31289e+001  1,75000e+002  6,60000e+001  2,03484e+000  2,30738e+001  2,96246e-002  4,87417e+000  4,21166e+002  2,50000e+001  2,60629e+004  3,61138e+002  2,60654e+004  1,38564e-002  3,83613e-005  5,31550e-007  3,83650e-005
            14  2,32171e+001  1,84000e+002  7,10000e+001  2,03540e+000  2,30862e+001  3,59771e-002  4,89811e+000  4,21644e+002  2,50000e+001  2,60449e+004  4,99352e+002  2,60497e+004  1,91727e-002  3,83811e-005  7,35871e-007  3,83882e-005
            15  2,31648e+001  1,93000e+002  7,60000e+001  2,01787e+000  2,30411e+001  3,77679e-002  4,88839e+000  4,21674e+002  2,50000e+001  2,58553e+004  5,10590e+002  2,58603e+004  1,97480e-002  3,86618e-005  7,63494e-007  3,86693e-005
            16  2,31533e+001  1,96000e+002  8,10000e+001  1,99906e+000  2,30984e+001  3,96135e-002  4,89357e+000  4,21849e+002  2,50000e+001  2,55293e+004  5,20189e+002  2,55346e+004  2,03762e-002  3,91544e-005  7,97816e-007  3,91625e-005
            17  2,30818e+001  2,05000e+002  8,60000e+001  2,02357e+000  2,33563e+001  4,11483e-002  4,90429e+000  4,22081e+002  2,50000e+001  2,55476e+004  5,28625e+002  2,55530e+004  2,06918e-002  3,91259e-005  8,09585e-007  3,91343e-005
            18  2,30235e+001  2,14000e+002  9,10000e+001  2,07219e+000  2,38960e+001  4,26963e-002  4,91340e+000  4,22297e+002  2,50000e+001  2,55603e+004  5,37308e+002  2,55660e+004  2,10212e-002  3,91059e-005  8,22053e-007  3,91145e-005
            19  2,30022e+001  2,25000e+002  9,60000e+001  2,01103e+000  2,31749e+001  4,41028e-002  4,92403e+000  4,22509e+002  2,50000e+001  2,55668e+004  5,42113e+002  2,55725e+004  2,12038e-002  3,90957e-005  8,28979e-007  3,91045e-005
            20  2,29846e+001  2,28000e+002  1,01000e+002  1,99945e+000  2,30306e+001  4,51000e-002  4,93731e+000  4,22717e+002  2,50000e+001  2,55674e+004  5,35942e+002  2,55730e+004  2,09620e-002  3,90952e-005  8,19511e-007  3,91038e-005
CFRP_f1_100_5_2N, 17.04.2021 14:18:28
