         Index            Ts             t             f             F             x         Phase            F0            x0            Tr            M'            M"            M*     tan_delta            C'            C"            C*
           [#]          [°C]           [s]          [Hz]           [N]          [um]         [rad]           [N]          [um]          [°C]         [MPa]         [MPa]         [MPa]            []       [1/MPa]       [1/MPa]       [1/MPa]
             0  3,11624e+001  2,10000e+001  9,99999e-001  0,00000e+000  1,01496e+002  1,21185e+000  0,00000e+000  1,87964e+002  2,50000e+001  0,00000e+000  0,00000e+000  0,00000e+000  0,00000e+000  0,00000e+000  0,00000e+000  0,00000e+000
             1  3,09198e+001  4,00000e+001  6,00000e+000  5,50000e-002  4,16286e+001  1,48114e-001  1,12500e-001  2,67032e+002  2,50000e+001  6,37618e+002  9,42260e+001  6,44543e+002  1,47778e-001  1,53482e-003  2,26813e-004  1,55149e-003
             2  3,07519e+001  5,80000e+001  1,10000e+001  1,68797e-001  1,86628e+001  1,53961e-001  4,21711e-001  3,01772e+002  2,50000e+001  4,37581e+003  6,69562e+002  4,42673e+003  1,53015e-001  2,23301e-004  3,41683e-005  2,25900e-004
             3  3,08629e+001  8,00000e+001  1,60000e+001  1,24910e+000  5,77350e+001  1,04647e-001  6,57655e-001  3,21205e+002  2,50000e+001  1,05914e+004  1,08029e+003  1,06463e+004  1,01997e-001  9,34443e-005  9,53105e-006  9,39291e-005
             4  3,07798e+001  1,03000e+002  2,10000e+001  8,54958e-001  2,94632e+001  8,69159e-002  8,47556e-001  3,33770e+002  2,50000e+001  1,42752e+004  1,18425e+003  1,43242e+004  8,29590e-002  6,95730e-005  5,77170e-006  6,98120e-005
             5  3,08506e+001  1,06000e+002  2,60000e+001  8,60271e-001  2,52024e+001  1,99571e-002  1,01009e+000  3,49752e+002  2,50000e+001  1,68849e+004  2,32097e+002  1,68865e+004  1,37458e-002  5,92134e-005  8,13937e-007  5,92189e-005
             6  3,08698e+001  1,19000e+002  3,10000e+001  9,71783e-001  2,23934e+001  1,23497e-002  1,16610e+000  3,60164e+002  2,50000e+001  2,15525e+004  1,03271e+002  2,15528e+004  4,79161e-003  4,63973e-005  2,22317e-007  4,63978e-005
             7  3,09339e+001  1,22000e+002  3,60000e+001  1,00007e+000  2,15110e+001  1,87877e-002  1,29195e+000  3,65183e+002  2,50000e+001  2,31165e+004  2,33700e+002  2,31176e+004  1,01097e-002  4,32548e-005  4,37292e-007  4,32570e-005
             8  3,11322e+001  1,31000e+002  4,10000e+001  1,01374e+000  2,13255e+001  2,25678e-002  1,37654e+000  3,68821e+002  2,50000e+001  2,36423e+004  3,00611e+002  2,36442e+004  1,27150e-002  4,22902e-005  5,37719e-007  4,22937e-005
             9  3,12174e+001  1,36000e+002  4,60000e+001  1,01052e+000  2,11529e+001  2,43379e-002  1,43500e+000  3,70105e+002  2,50000e+001  2,37569e+004  3,15128e+002  2,37590e+004  1,32647e-002  4,20857e-005  5,58254e-007  4,20894e-005
            10  3,11264e+001  1,46000e+002  5,10000e+001  1,00991e+000  2,12956e+001  2,55040e-002  1,48133e+000  3,70266e+002  2,50000e+001  2,35744e+004  3,11052e+002  2,35764e+004  1,31945e-002  4,24116e-005  5,59601e-007  4,24153e-005
            11  3,11721e+001  1,49000e+002  5,60000e+001  1,00927e+000  2,14605e+001  2,66147e-002  1,49552e+000  3,70221e+002  2,50000e+001  2,33684e+004  3,05373e+002  2,33704e+004  1,30678e-002  4,27856e-005  5,59112e-007  4,27892e-005
            12  3,11221e+001  1,60000e+002  6,10000e+001  9,98547e-001  2,13113e+001  2,78674e-002  1,49474e+000  3,70051e+002  2,50000e+001  2,32739e+004  3,04593e+002  2,32759e+004  1,30873e-002  4,29593e-005  5,62223e-007  4,29630e-005
            13  3,11572e+001  1,70000e+002  6,60000e+001  9,95764e-001  2,12937e+001  2,94612e-002  1,49372e+000  3,69978e+002  2,50000e+001  2,32202e+004  3,12448e+002  2,32223e+004  1,34558e-002  4,30581e-005  5,79383e-007  4,30620e-005
            14  3,12302e+001  1,81000e+002  7,10000e+001  1,01358e+000  2,16667e+001  3,11667e-002  1,49248e+000  3,69936e+002  2,50000e+001  2,32213e+004  3,23686e+002  2,32236e+004  1,39392e-002  4,30555e-005  6,00157e-007  4,30597e-005
            15  3,12606e+001  1,90000e+002  7,60000e+001  1,02045e+000  2,17767e+001  3,28010e-002  1,48951e+000  3,69844e+002  2,50000e+001  2,32532e+004  3,33694e+002  2,32556e+004  1,43504e-002  4,29960e-005  6,17012e-007  4,30004e-005
            16  3,11797e+001  1,94000e+002  8,10000e+001  1,03074e+000  2,19530e+001  3,41356e-002  1,48581e+000  3,69758e+002  2,50000e+001  2,32913e+004  3,36703e+002  2,32938e+004  1,44561e-002  4,29255e-005  6,20537e-007  4,29299e-005
            17  3,10429e+001  2,02000e+002  8,60000e+001  1,00547e+000  2,13789e+001  3,50525e-002  1,48267e+000  3,69691e+002  2,50000e+001  2,33221e+004  3,29674e+002  2,33244e+004  1,41357e-002  4,28692e-005  6,05986e-007  4,28735e-005
            18  3,11711e+001  2,12000e+002  9,10000e+001  1,02538e+000  2,17631e+001  3,62500e-002  1,47964e+000  3,69578e+002  2,50000e+001  2,33551e+004  3,29353e+002  2,33574e+004  1,41020e-002  4,28087e-005  6,03687e-007  4,28130e-005
            19  3,11762e+001  2,20000e+002  9,60000e+001  1,01005e+000  2,13963e+001  3,74419e-002  1,47441e+000  3,69433e+002  2,50000e+001  2,33911e+004  3,28946e+002  2,33934e+004  1,40629e-002  4,27429e-005  6,01087e-007  4,27471e-005
            20  3,12300e+001  2,24000e+002  1,01000e+002  1,08949e+000  2,30355e+001  3,82348e-002  1,46788e+000  3,69393e+002  2,50000e+001  2,34254e+004  3,18977e+002  2,34276e+004  1,36167e-002  4,26808e-005  5,81173e-007  4,26848e-005
            21  3,10446e+001  2,32000e+002  9,99999e-001  1,00000e+000  2,18555e+001  1,36754e-002  1,47500e+000  3,69314e+002  2,50000e+001  2,27561e+004  3,11662e+002  2,27582e+004  1,36958e-002  4,39361e-005  6,01739e-007  4,39402e-005
            22  3,10379e+001  2,46000e+002  6,00000e+000  1,03034e+000  2,24023e+001  1,41773e-002  1,48281e+000  3,69525e+002  2,50000e+001  2,28766e+004  2,96343e+002  2,28785e+004  1,29540e-002  4,37055e-005  5,66162e-007  4,37092e-005
            23  3,08985e+001  2,57000e+002  1,10000e+001  1,00830e+000  2,18898e+001  1,48544e-002  1,48980e+000  3,69617e+002  2,50000e+001  2,29112e+004  2,83799e+002  2,29130e+004  1,23869e-002  4,36401e-005  5,40566e-007  4,36434e-005
            24  3,07619e+001  2,59000e+002  1,60000e+001  1,36857e+000  2,96538e+001  1,60451e-002  1,49275e+000  3,69418e+002  2,50000e+001  2,29550e+004  2,83350e+002  2,29568e+004  1,23437e-002  4,35568e-005  5,37652e-007  4,35601e-005
            25  3,07822e+001  2,60000e+002  2,10000e+001  1,05981e+000  2,29250e+001  1,77749e-002  1,49457e+000  3,69341e+002  2,50000e+001  2,29924e+004  2,95468e+002  2,29943e+004  1,28507e-002  4,34855e-005  5,58820e-007  4,34891e-005
            26  3,09531e+001  2,69000e+002  2,60000e+001  1,00570e+000  2,17361e+001  1,79950e-002  1,49705e+000  3,69438e+002  2,50000e+001  2,30100e+004  2,71905e+002  2,30116e+004  1,18168e-002  4,34534e-005  5,13482e-007  4,34564e-005
            27  3,09751e+001  2,71000e+002  3,10000e+001  1,00415e+000  2,16892e+001  1,95652e-002  1,49931e+000  3,69527e+002  2,50000e+001  2,30213e+004  2,79958e+002  2,30230e+004  1,21608e-002  4,34316e-005  5,28164e-007  4,34348e-005
            28  3,09807e+001  2,72000e+002  3,60000e+001  1,00071e+000  2,15919e+001  2,10178e-002  1,50000e+000  3,69562e+002  2,50000e+001  2,30426e+004  2,85380e+002  2,30444e+004  1,23849e-002  4,33912e-005  5,37394e-007  4,33945e-005
            29  3,09986e+001  2,74000e+002  4,10000e+001  1,00133e+000  2,15808e+001  2,25524e-002  1,49912e+000  3,69583e+002  2,50000e+001  2,30650e+004  2,92761e+002  2,30668e+004  1,26929e-002  4,33488e-005  5,50222e-007  4,33523e-005
            30  3,12030e+001  2,86000e+002  4,60000e+001  9,95453e-001  2,14285e+001  2,41317e-002  1,49610e+000  3,69614e+002  2,50000e+001  2,30883e+004  3,01226e+002  2,30903e+004  1,30467e-002  4,33045e-005  5,64979e-007  4,33082e-005
            31  3,12131e+001  2,87000e+002  5,10000e+001  9,95011e-001  2,13892e+001  2,53400e-002  1,49215e+000  3,69721e+002  2,50000e+001  2,31159e+004  3,01014e+002  2,31178e+004  1,30220e-002  4,32530e-005  5,63239e-007  4,32567e-005
            32  3,12269e+001  2,89000e+002  5,60000e+001  1,00026e+000  2,14705e+001  2,63203e-002  1,48910e+000  3,69846e+002  2,50000e+001  2,31446e+004  2,95435e+002  2,31465e+004  1,27648e-002  4,31996e-005  5,51432e-007  4,32031e-005
            33  3,12425e+001  2,90000e+002  6,10000e+001  9,90611e-001  2,12321e+001  2,72318e-002  1,48824e+000  3,69947e+002  2,50000e+001  2,31732e+004  2,88217e+002  2,31750e+004  1,24375e-002  4,31466e-005  5,36637e-007  4,31500e-005
            34  3,12332e+001  2,98000e+002  6,60000e+001  1,00493e+000  2,15085e+001  2,84362e-002  1,48821e+000  3,69982e+002  2,50000e+001  2,31998e+004  2,87893e+002  2,32015e+004  1,24093e-002  4,30973e-005  5,34808e-007  4,31006e-005
            35  3,12332e+001  2,98001e+002  7,10000e+001  1,00995e+000  2,15886e+001  2,98609e-002  1,48787e+000  3,69858e+002  2,50000e+001  2,32222e+004  2,92747e+002  2,32241e+004  1,26063e-002  4,30553e-005  5,42770e-007  4,30587e-005
            36  3,12239e+001  2,99000e+002  7,60000e+001  9,99525e-001  2,13417e+001  3,14552e-002  1,48750e+000  3,69684e+002  2,50000e+001  2,32408e+004  3,01584e+002  2,32427e+004  1,29765e-002  4,30206e-005  5,58257e-007  4,30242e-005
            37  3,12347e+001  3,07000e+002  8,10000e+001  1,02612e+000  2,18824e+001  3,32079e-002  1,48779e+000  3,69498e+002  2,50000e+001  2,32613e+004  3,14234e+002  2,32635e+004  1,35088e-002  4,29819e-005  5,80636e-007  4,29858e-005
            38  3,12136e+001  3,10000e+002  8,60000e+001  1,02470e+000  2,18268e+001  3,48361e-002  1,48949e+000  3,69286e+002  2,50000e+001  2,32796e+004  3,23917e+002  2,32818e+004  1,39142e-002  4,29478e-005  5,97587e-007  4,29520e-005
            39  3,10234e+001  3,20000e+002  9,10000e+001  1,00575e+000  2,14019e+001  3,58100e-002  1,49370e+000  3,69015e+002  2,50000e+001  2,32935e+004  3,18002e+002  2,32957e+004  1,36520e-002  4,29224e-005  5,85977e-007  4,29265e-005
            40  3,09919e+001  3,23000e+002  9,60000e+001  1,11644e+000  2,37342e+001  3,67903e-002  1,49771e+000  3,68658e+002  2,50000e+001  2,33064e+004  3,12227e+002  2,33085e+004  1,33966e-002  4,28990e-005  5,74703e-007  4,29029e-005
            41  3,09263e+001  3,34000e+002  1,01000e+002  9,63982e-001  2,04682e+001  3,74708e-002  1,49829e+000  3,68282e+002  2,50000e+001  2,33247e+004  2,99386e+002  2,33266e+004  1,28356e-002  4,28659e-005  5,50209e-007  4,28694e-005
cfrp_frq1_100_5_1N, 25.04.2021 16:39:09
