         Index            Ts             t             f             F             x         Phase            F0            x0            Tr            M'            M"            M*     tan_delta            C'            C"            C*
           [#]          [°C]           [s]          [Hz]           [N]          [um]         [rad]           [N]          [um]          [°C]         [MPa]         [MPa]         [MPa]            []       [1/MPa]       [1/MPa]       [1/MPa]
             0  2,92492e+001  2,00000e+001  9,99999e-001  2,20000e-001  7,26688e+001  4,94981e-002  1,00000e-002  1,62410e+002  2,50000e+001  1,47624e+003  7,28550e+001  1,47803e+003  4,93518e-002  6,75752e-004  3,33495e-005  6,76574e-004
             1  2,91329e+001  3,80000e+001  6,00000e+000  2,45977e-001  1,27326e+001  4,61025e-002  3,58437e-001  1,97306e+002  2,50000e+001  9,48861e+003  4,27241e+002  9,49822e+003  4,50267e-002  1,05176e-004  4,73574e-006  1,05283e-004
             2  2,89809e+001  5,60000e+001  1,10000e+001  3,03551e-001  8,47490e+000  2,43408e-002  6,10633e-001  2,17553e+002  2,50000e+001  1,77326e+004  3,89575e+002  1,77369e+004  2,19694e-002  5,63662e-005  1,23833e-006  5,63798e-005
             3  2,87131e+001  7,80000e+001  1,60000e+001  9,86300e-001  2,37415e+001  1,68340e-002  8,69623e-001  2,26112e+002  2,50000e+001  2,06208e+004  2,70589e+002  2,06226e+004  1,31221e-002  4,84863e-005  6,36244e-007  4,84905e-005
             4  2,87014e+001  8,10000e+001  2,10000e+001  9,50628e-001  2,12668e+001  1,65517e-002  1,01723e+000  2,31139e+002  2,50000e+001  2,22170e+004  2,57599e+002  2,22185e+004  1,15947e-002  4,50045e-005  5,21812e-007  4,50075e-005
             5  2,86260e+001  9,30000e+001  2,60000e+001  1,00677e+000  2,01087e+001  1,64741e-002  1,16156e+000  2,38411e+002  2,50000e+001  2,49406e+004  2,56439e+002  2,49419e+004  1,02820e-002  4,00911e-005  4,12217e-007  4,00932e-005
             6  2,86337e+001  9,60000e+001  3,10000e+001  1,02562e+000  1,97638e+001  1,71690e-002  1,28473e+000  2,43154e+002  2,50000e+001  2,58686e+004  2,51946e+002  2,58698e+004  9,73945e-003  3,86533e-005  3,76462e-007  3,86551e-005
             7  2,85998e+001  1,05000e+002  3,60000e+001  1,01390e+000  1,99355e+001  1,90238e-002  1,37089e+000  2,45491e+002  2,50000e+001  2,53370e+004  2,62760e+002  2,53384e+004  1,03706e-002  3,94637e-005  4,09261e-007  3,94658e-005
             8  2,85911e+001  1,10000e+002  4,10000e+001  1,00752e+000  2,00007e+001  2,09010e-002  1,43264e+000  2,46182e+002  2,50000e+001  2,50852e+004  2,76610e+002  2,50867e+004  1,10268e-002  3,98593e-005  4,39522e-007  3,98617e-005
             9  2,85472e+001  1,17000e+002  4,60000e+001  9,98872e-001  1,99862e+001  2,21052e-002  1,47969e+000  2,46188e+002  2,50000e+001  2,48787e+004  2,73552e+002  2,48802e+004  1,09954e-002  4,01902e-005  4,41909e-007  4,01927e-005
            10  2,85660e+001  1,20000e+002  5,10000e+001  1,01009e+000  2,03044e+001  2,30928e-002  1,49231e+000  2,46063e+002  2,50000e+001  2,47558e+004  2,65968e+002  2,47572e+004  1,07437e-002  4,03900e-005  4,33936e-007  4,03923e-005
            11  2,84665e+001  1,29000e+002  5,60000e+001  1,00027e+000  2,01344e+001  2,40805e-002  1,49092e+000  2,45891e+002  2,50000e+001  2,47151e+004  2,59336e+002  2,47165e+004  1,04930e-002  4,04566e-005  4,24511e-007  4,04588e-005
            12  2,83858e+001  1,32000e+002  6,10000e+001  9,97498e-001  2,00715e+001  2,53896e-002  1,48991e+000  2,45857e+002  2,50000e+001  2,47171e+004  2,61295e+002  2,47185e+004  1,05714e-002  4,04533e-005  4,27648e-007  4,04555e-005
            13  2,83085e+001  1,43000e+002  6,60000e+001  1,01497e+000  2,04054e+001  2,72437e-002  1,48843e+000  2,45891e+002  2,50000e+001  2,47313e+004  2,77166e+002  2,47329e+004  1,12071e-002  4,04295e-005  4,53096e-007  4,04320e-005
            14  2,84600e+001  1,52000e+002  7,10000e+001  1,00670e+000  2,02182e+001  2,94480e-002  1,48936e+000  2,45892e+002  2,50000e+001  2,47494e+004  3,01968e+002  2,47513e+004  1,22010e-002  4,03990e-005  4,92908e-007  4,04020e-005
            15  2,83120e+001  1,62000e+002  7,60000e+001  1,01628e+000  2,03862e+001  3,17157e-002  1,49033e+000  2,45821e+002  2,50000e+001  2,47707e+004  3,28460e+002  2,47729e+004  1,32600e-002  4,03632e-005  5,35218e-007  4,03668e-005
            16  2,82525e+001  1,65000e+002  8,10000e+001  9,94182e-001  1,99138e+001  3,37504e-002  1,48966e+000  2,45694e+002  2,50000e+001  2,47981e+004  3,49190e+002  2,48006e+004  1,40813e-002  4,03176e-005  5,67724e-007  4,03216e-005
            17  2,81134e+001  1,74000e+002  8,60000e+001  9,99689e-001  1,99969e+001  3,45037e-002  1,48809e+000  2,45541e+002  2,50000e+001  2,48229e+004  3,37420e+002  2,48252e+004  1,35931e-002  4,02779e-005  5,47501e-007  4,02816e-005
            18  2,80348e+001  1,85000e+002  9,10000e+001  1,01990e+000  2,03694e+001  3,50528e-002  1,48699e+000  2,45411e+002  2,50000e+001  2,48525e+004  3,20510e+002  2,48545e+004  1,28965e-002  4,02308e-005  5,18837e-007  4,02341e-005
            19  2,80340e+001  1,94000e+002  9,60000e+001  1,00461e+000  2,00316e+001  3,62213e-002  1,48670e+000  2,45276e+002  2,50000e+001  2,48826e+004  3,19327e+002  2,48846e+004  1,28334e-002  4,01822e-005  5,15672e-007  4,01855e-005
            20  2,80138e+001  2,03000e+002  1,01000e+002  9,65065e-001  1,92214e+001  3,76409e-002  1,48933e+000  2,45076e+002  2,50000e+001  2,48995e+004  3,24366e+002  2,49016e+004  1,30270e-002  4,01546e-005  5,23095e-007  4,01580e-005
            21  2,76157e+001  2,10000e+002  9,99999e-001  1,00500e+000  2,02666e+001  1,21818e-002  1,50000e+000  2,43901e+002  2,50000e+001  2,47050e+004  3,01215e+002  2,47069e+004  1,21924e-002  4,04716e-005  4,93447e-007  4,04746e-005
            22  2,76263e+001  2,23000e+002  6,00000e+000  1,01065e+000  2,04492e+001  1,23592e-002  1,48906e+000  2,44860e+002  2,50000e+001  2,46201e+004  2,73667e+002  2,46216e+004  1,11156e-002  4,06122e-005  4,51429e-007  4,06147e-005
            23  2,76162e+001  2,31000e+002  1,10000e+001  1,00080e+000  2,02530e+001  1,27955e-002  1,47927e+000  2,45124e+002  2,50000e+001  2,46157e+004  2,53569e+002  2,46170e+004  1,03011e-002  4,06203e-005  4,18435e-007  4,06224e-005
            24  2,76038e+001  2,32000e+002  1,60000e+001  1,05457e+000  2,13348e+001  1,38455e-002  1,48525e+000  2,45298e+002  2,50000e+001  2,46215e+004  2,49016e+002  2,46228e+004  1,01137e-002  4,06107e-005  4,10726e-007  4,06128e-005
            25  2,75880e+001  2,34000e+002  2,10000e+001  1,00082e+000  2,02218e+001  1,51352e-002  1,48817e+000  2,45434e+002  2,50000e+001  2,46513e+004  2,50742e+002  2,46525e+004  1,01716e-002  4,05617e-005  4,12577e-007  4,05638e-005
            26  2,75761e+001  2,41000e+002  2,60000e+001  1,00053e+000  2,02191e+001  1,58171e-002  1,48865e+000  2,45602e+002  2,50000e+001  2,46446e+004  2,36784e+002  2,46457e+004  9,60796e-003  4,05731e-005  3,89825e-007  4,05750e-005
            27  2,75930e+001  2,43000e+002  3,10000e+001  1,00048e+000  2,02010e+001  1,75059e-002  1,48932e+000  2,45693e+002  2,50000e+001  2,46624e+004  2,48440e+002  2,46637e+004  1,00736e-002  4,05434e-005  4,08419e-007  4,05455e-005
            28  2,75880e+001  2,44000e+002  3,60000e+001  9,99363e-001  2,01603e+001  1,93544e-002  1,49216e+000  2,45727e+002  2,50000e+001  2,46811e+004  2,64152e+002  2,46825e+004  1,07026e-002  4,05121e-005  4,33584e-007  4,05145e-005
            29  2,75847e+001  2,46000e+002  4,10000e+001  1,00327e+000  2,02271e+001  2,11978e-002  1,49499e+000  2,45743e+002  2,50000e+001  2,46914e+004  2,79663e+002  2,46930e+004  1,13263e-002  4,04947e-005  4,58657e-007  4,04973e-005
            30  2,75897e+001  2,55000e+002  4,60000e+001  9,90195e-001  1,99402e+001  2,30556e-002  1,49513e+000  2,45731e+002  2,50000e+001  2,47157e+004  2,95729e+002  2,47175e+004  1,19652e-002  4,04543e-005  4,84044e-007  4,04572e-005
            31  2,75960e+001  2,56000e+002  5,10000e+001  1,00053e+000  2,01294e+001  2,46869e-002  1,49215e+000  2,45706e+002  2,50000e+001  2,47338e+004  3,06022e+002  2,47357e+004  1,23727e-002  4,04244e-005  5,00157e-007  4,04275e-005
            32  2,76516e+001  2,58000e+002  5,60000e+001  9,99464e-001  2,00887e+001  2,59084e-002  1,48822e+000  2,45669e+002  2,50000e+001  2,47516e+004  3,05967e+002  2,47535e+004  1,23615e-002  4,03952e-005  4,99345e-007  4,03983e-005
            33  2,76633e+001  2,59000e+002  6,10000e+001  9,95789e-001  1,99963e+001  2,69906e-002  1,48522e+000  2,45609e+002  2,50000e+001  2,47683e+004  3,02374e+002  2,47701e+004  1,22081e-002  4,03682e-005  4,92820e-007  4,03713e-005
            34  2,76640e+001  2,65000e+002  6,60000e+001  9,99778e-001  2,00568e+001  2,80379e-002  1,48438e+000  2,45550e+002  2,50000e+001  2,47856e+004  2,97907e+002  2,47874e+004  1,20193e-002  4,03401e-005  4,84861e-007  4,03430e-005
            35  2,76334e+001  2,67000e+002  7,10000e+001  9,95446e-001  1,99497e+001  2,95702e-002  1,48450e+000  2,45504e+002  2,50000e+001  2,48031e+004  3,05735e+002  2,48050e+004  1,23265e-002  4,03114e-005  4,96898e-007  4,03145e-005
            36  2,76140e+001  2,68000e+002  7,60000e+001  1,02024e+000  2,04271e+001  3,13740e-002  1,48449e+000  2,45438e+002  2,50000e+001  2,48184e+004  3,20440e+002  2,48205e+004  1,29113e-002  4,02859e-005  5,20145e-007  4,02893e-005
            37  2,75804e+001  2,70000e+002  8,10000e+001  1,04530e+000  2,09150e+001  3,35495e-002  1,48462e+000  2,45314e+002  2,50000e+001  2,48257e+004  3,44487e+002  2,48281e+004  1,38763e-002  4,02731e-005  5,58840e-007  4,02770e-005
            38  2,74819e+001  2,77000e+002  8,60000e+001  1,02414e+000  2,04785e+001  3,42729e-002  1,48626e+000  2,45195e+002  2,50000e+001  2,48324e+004  3,31694e+002  2,48346e+004  1,33573e-002  4,02628e-005  5,37803e-007  4,02664e-005
            39  2,74528e+001  2,79000e+002  9,10000e+001  1,01902e+000  2,03637e+001  3,44597e-002  1,49115e+000  2,45086e+002  2,50000e+001  2,48378e+004  3,05259e+002  2,48397e+004  1,22901e-002  4,02551e-005  4,94739e-007  4,02582e-005
            40  2,74271e+001  2,82000e+002  9,60000e+001  1,09967e+000  2,19665e+001  3,56163e-002  1,49712e+000  2,44920e+002  2,50000e+001  2,48370e+004  3,03369e+002  2,48389e+004  1,22144e-002  4,02565e-005  4,91710e-007  4,02595e-005
            41  2,74126e+001  2,89000e+002  1,01000e+002  9,80551e-001  1,95891e+001  3,72846e-002  1,50036e+000  2,44647e+002  2,50000e+001  2,48226e+004  3,14302e+002  2,48246e+004  1,26619e-002  4,02794e-005  5,10014e-007  4,02826e-005
cfrp_frq1_100_5_1N, 25.04.2021 17:22:00
