         Index            Ts             t             f             F             x         Phase            F0            x0            Tr            M'            M"            M*     tan_delta            C'            C"            C*
           [#]          [°C]           [s]          [Hz]           [N]          [um]         [rad]           [N]          [um]          [°C]         [MPa]         [MPa]         [MPa]            []       [1/MPa]       [1/MPa]       [1/MPa]
             0  3,00345e+001  2,00000e+001  9,99999e-001  5,50000e-002  9,44308e+001  6,17490e-002  0,00000e+000  2,38472e+002  2,50000e+001  2,83517e+002  1,74622e+001  2,84054e+002  6,15914e-002  3,51380e-003  2,16420e-004  3,52046e-003
             1  2,97818e+001  3,90000e+001  6,00000e+000  1,91744e-001  2,03235e+001  7,30582e-002  3,20312e-001  2,95687e+002  2,50000e+001  4,60682e+003  3,31661e+002  4,61874e+003  7,19934e-002  2,15950e-004  1,55470e-005  2,16509e-004
             2  2,93548e+001  5,70000e+001  1,10000e+001  2,71310e-001  1,01425e+001  3,58890e-002  6,06281e-001  3,20469e+002  2,50000e+001  1,31865e+004  4,42732e+002  1,31940e+004  3,35746e-002  7,57495e-005  2,54326e-006  7,57922e-005
             3  2,93680e+001  7,80000e+001  1,60000e+001  9,51203e-001  2,77094e+001  2,10496e-002  8,66638e-001  3,33356e+002  2,50000e+001  1,69843e+004  2,94860e+002  1,69869e+004  1,73607e-002  5,88600e-005  1,02185e-006  5,88689e-005
             4  2,95006e+001  8,10000e+001  2,10000e+001  9,30461e-001  2,39402e+001  2,11037e-002  9,98805e-001  3,41615e+002  2,50000e+001  1,92667e+004  3,12033e+002  1,92693e+004  1,61954e-002  5,18893e-005  8,40368e-007  5,18961e-005
             5  2,97017e+001  8,90000e+001  2,60000e+001  1,00659e+000  2,15742e+001  2,07516e-002  1,14945e+000  3,52780e+002  2,50000e+001  2,32062e+004  3,39565e+002  2,32087e+004  1,46325e-002  4,30828e-005  6,30411e-007  4,30874e-005
             6  2,97702e+001  9,20000e+001  3,10000e+001  1,03177e+000  2,07534e+001  1,96764e-002  1,28197e+000  3,59671e+002  2,50000e+001  2,47582e+004  3,04345e+002  2,47601e+004  1,22927e-002  4,03846e-005  4,96435e-007  4,03876e-005
             7  2,98808e+001  9,90000e+001  3,60000e+001  1,01825e+000  2,10486e+001  2,08891e-002  1,37186e+000  3,62902e+002  2,50000e+001  2,40731e+004  2,95244e+002  2,40749e+004  1,22645e-002  4,15339e-005  5,09392e-007  4,15370e-005
             8  2,99205e+001  1,02000e+002  4,10000e+001  1,01180e+000  2,11596e+001  2,29694e-002  1,42961e+000  3,64673e+002  2,50000e+001  2,37849e+004  3,12215e+002  2,37869e+004  1,31266e-002  4,20363e-005  5,51794e-007  4,20399e-005
             9  2,99983e+001  1,13000e+002  4,60000e+001  1,01063e+000  2,13419e+001  2,40704e-002  1,47163e+000  3,65795e+002  2,50000e+001  2,35448e+004  3,05828e+002  2,35468e+004  1,29892e-002  4,24650e-005  5,51587e-007  4,24686e-005
            10  3,00380e+001  1,16000e+002  5,10000e+001  1,00459e+000  2,13410e+001  2,55926e-002  1,48391e+000  3,66199e+002  2,50000e+001  2,33966e+004  3,10778e+002  2,33987e+004  1,32830e-002  4,27336e-005  5,67632e-007  4,27374e-005
            11  3,00898e+001  1,26000e+002  5,60000e+001  1,00576e+000  2,14032e+001  2,70289e-002  1,48429e+000  3,66247e+002  2,50000e+001  2,33491e+004  3,14988e+002  2,33512e+004  1,34904e-002  4,28204e-005  5,77664e-007  4,28243e-005
            12  2,99900e+001  1,31000e+002  6,10000e+001  9,94145e-001  2,11417e+001  2,84424e-002  1,48919e+000  3,66246e+002  2,50000e+001  2,33587e+004  3,19438e+002  2,33608e+004  1,36753e-002  4,28027e-005  5,85341e-007  4,28067e-005
            13  2,98570e+001  1,38000e+002  6,60000e+001  1,00048e+000  2,12511e+001  2,97759e-002  1,49496e+000  3,66159e+002  2,50000e+001  2,33801e+004  3,22154e+002  2,33823e+004  1,37790e-002  4,27633e-005  5,89235e-007  4,27674e-005
            14  2,99753e+001  1,56000e+002  7,10000e+001  1,00609e+000  2,13434e+001  3,10289e-002  1,49670e+000  3,65959e+002  2,50000e+001  2,34025e+004  3,22972e+002  2,34048e+004  1,38007e-002  4,27223e-005  5,89597e-007  4,27263e-005
            15  2,99645e+001  1,61000e+002  7,60000e+001  1,00866e+000  2,13675e+001  3,22867e-002  1,49672e+000  3,65755e+002  2,50000e+001  2,34284e+004  3,23958e+002  2,34306e+004  1,38276e-002  4,26751e-005  5,90094e-007  4,26792e-005
            16  3,00265e+001  1,73000e+002  8,10000e+001  1,01032e+000  2,13707e+001  3,33741e-002  1,49689e+000  3,65611e+002  2,50000e+001  2,34554e+004  3,20886e+002  2,34576e+004  1,36807e-002  4,26262e-005  5,83157e-007  4,26302e-005
            17  3,00835e+001  1,80000e+002  8,60000e+001  9,94795e-001  2,10153e+001  3,46371e-002  1,49757e+000  3,65449e+002  2,50000e+001  2,34770e+004  3,21951e+002  2,34792e+004  1,37135e-002  4,25869e-005  5,84014e-007  4,25909e-005
            18  3,01638e+001  1,89000e+002  9,10000e+001  1,00983e+000  2,13024e+001  3,57858e-002  1,49911e+000  3,65260e+002  2,50000e+001  2,35016e+004  3,20322e+002  2,35038e+004  1,36298e-002  4,25423e-005  5,79842e-007  4,25463e-005
            19  3,01852e+001  1,94000e+002  9,60000e+001  1,03932e+000  2,18941e+001  3,68505e-002  1,50059e+000  3,65073e+002  2,50000e+001  2,35246e+004  3,16656e+002  2,35267e+004  1,34606e-002  4,25011e-005  5,72091e-007  4,25049e-005
            20  3,00179e+001  2,04000e+002  1,01000e+002  1,03524e+000  2,17887e+001  3,74957e-002  1,50212e+000  3,64947e+002  2,50000e+001  2,35351e+004  3,02740e+002  2,35371e+004  1,28633e-002  4,24826e-005  5,46468e-007  4,24861e-005
            21  2,97816e+001  2,17000e+002  9,99999e-001  1,00000e+000  2,16088e+001  1,50372e-002  1,45500e+000  3,65587e+002  2,50000e+001  2,30207e+004  3,47356e+002  2,30233e+004  1,50888e-002  4,34292e-005  6,55296e-007  4,34342e-005
            22  3,00468e+001  2,32000e+002  6,00000e+000  1,01973e+000  2,19371e+001  1,48882e-002  1,47531e+000  3,65693e+002  2,50000e+001  2,31259e+004  3,16416e+002  2,31280e+004  1,36823e-002  4,32335e-005  5,91536e-007  4,32376e-005
            23  3,00464e+001  2,39000e+002  1,10000e+001  1,00431e+000  2,15639e+001  1,52986e-002  1,48568e+000  3,65679e+002  2,50000e+001  2,31705e+004  2,97579e+002  2,31724e+004  1,28430e-002  4,31512e-005  5,54193e-007  4,31548e-005
            24  3,00464e+001  2,39001e+002  1,60000e+001  1,07010e+000  2,29653e+001  1,63789e-002  1,48979e+000  3,65778e+002  2,50000e+001  2,31806e+004  2,94089e+002  2,31825e+004  1,26869e-002  4,31326e-005  5,47217e-007  4,31360e-005
            25  3,00351e+001  2,41000e+002  2,10000e+001  1,01023e+000  2,16434e+001  1,77499e-002  1,49249e+000  3,65859e+002  2,50000e+001  2,32190e+004  2,97846e+002  2,32209e+004  1,28277e-002  4,30611e-005  5,52375e-007  4,30646e-005
            26  3,01107e+001  2,51000e+002  2,60000e+001  1,00144e+000  2,14603e+001  1,81120e-002  1,49649e+000  3,65892e+002  2,50000e+001  2,32110e+004  2,77099e+002  2,32127e+004  1,19383e-002  4,30769e-005  5,14263e-007  4,30799e-005
            27  3,01088e+001  2,53000e+002  3,10000e+001  9,99726e-001  2,14130e+001  1,95157e-002  1,49931e+000  3,65935e+002  2,50000e+001  2,32195e+004  2,81244e+002  2,32212e+004  1,21124e-002  4,30609e-005  5,21570e-007  4,30640e-005
            28  3,01030e+001  2,54000e+002  3,60000e+001  1,00047e+000  2,14102e+001  2,07916e-002  1,50000e+000  3,65979e+002  2,50000e+001  2,32365e+004  2,82466e+002  2,32382e+004  1,21561e-002  4,30294e-005  5,23071e-007  4,30326e-005
            29  3,00839e+001  2,56000e+002  4,10000e+001  1,00342e+000  2,14478e+001  2,22239e-002  1,49950e+000  3,66013e+002  2,50000e+001  2,32605e+004  2,87493e+002  2,32623e+004  1,23597e-002  4,29847e-005  5,31277e-007  4,29880e-005
            30  3,01794e+001  2,65000e+002  4,60000e+001  1,01171e+000  2,16006e+001  2,37616e-002  1,49777e+000  3,66027e+002  2,50000e+001  2,32824e+004  2,95012e+002  2,32843e+004  1,26710e-002  4,29440e-005  5,44145e-007  4,29475e-005
            31  3,01008e+001  2,66000e+002  5,10000e+001  1,00120e+000  2,13518e+001  2,50912e-002  1,49551e+000  3,66041e+002  2,50000e+001  2,33043e+004  2,97597e+002  2,33062e+004  1,27701e-002  4,29036e-005  5,47882e-007  4,29071e-005
            32  3,00118e+001  2,68000e+002  5,60000e+001  1,00405e+000  2,13890e+001  2,62081e-002  1,49327e+000  3,66046e+002  2,50000e+001  2,33245e+004  2,95106e+002  2,33264e+004  1,26522e-002  4,28664e-005  5,42353e-007  4,28699e-005
            33  2,99905e+001  2,69000e+002  6,10000e+001  9,98454e-001  2,12461e+001  2,73524e-002  1,49155e+000  3,66027e+002  2,50000e+001  2,33448e+004  2,93268e+002  2,33466e+004  1,25624e-002  4,28294e-005  5,38042e-007  4,28327e-005
            34  3,01243e+001  2,75000e+002  6,60000e+001  1,00053e+000  2,12646e+001  2,87935e-002  1,49107e+000  3,65997e+002  2,50000e+001  2,33665e+004  2,98528e+002  2,33684e+004  1,27759e-002  4,27893e-005  5,46672e-007  4,27928e-005
            35  3,01731e+001  2,77000e+002  7,10000e+001  1,01010e+000  2,14396e+001  3,03815e-002  1,49114e+000  3,65980e+002  2,50000e+001  2,33903e+004  3,07338e+002  2,33923e+004  1,31396e-002  4,27454e-005  5,61655e-007  4,27491e-005
            36  3,01883e+001  2,78000e+002  7,60000e+001  1,02539e+000  2,17336e+001  3,20684e-002  1,49121e+000  3,65887e+002  2,50000e+001  2,34155e+004  3,18557e+002  2,34177e+004  1,36045e-002  4,26988e-005  5,80896e-007  4,27027e-005
            37  3,02211e+001  2,80000e+002  8,10000e+001  1,02137e+000  2,16146e+001  3,36960e-002  1,49150e+000  3,65736e+002  2,50000e+001  2,34442e+004  3,28436e+002  2,34465e+004  1,40093e-002  4,26461e-005  5,97443e-007  4,26503e-005
            38  3,02798e+001  2,87000e+002  8,60000e+001  1,02354e+000  2,16372e+001  3,49357e-002  1,49266e+000  3,65592e+002  2,50000e+001  2,34606e+004  3,28875e+002  2,34629e+004  1,40181e-002  4,26162e-005  5,97400e-007  4,26204e-005
            39  3,03320e+001  2,90000e+002  9,10000e+001  1,04061e+000  2,19699e+001  3,56772e-002  1,49572e+000  3,65424e+002  2,50000e+001  2,34816e+004  3,17440e+002  2,34838e+004  1,35186e-002  4,25787e-005  5,75606e-007  4,25826e-005
            40  3,02649e+001  2,92000e+002  9,60000e+001  9,89255e-001  2,08525e+001  3,66195e-002  1,49954e+000  3,65172e+002  2,50000e+001  2,35095e+004  3,10904e+002  2,35115e+004  1,32246e-002  4,25286e-005  5,62425e-007  4,25323e-005
            41  3,03703e+001  3,01000e+002  1,01000e+002  9,59913e-001  2,02011e+001  3,74664e-002  1,50205e+000  3,64849e+002  2,50000e+001  2,35378e+004  3,02071e+002  2,35397e+004  1,28335e-002  4,24779e-005  5,45139e-007  4,24814e-005
cfrp_frq1_100_5_1N, 25.04.2021 16:17:44
