         Index            Ts             t             f             F             x         Phase            F0            x0            Tr            M'            M"            M*     tan_delta            C'            C"            C*
           [#]          [°C]           [s]          [Hz]           [N]          [um]         [rad]           [N]          [um]          [°C]         [MPa]         [MPa]         [MPa]            []       [1/MPa]       [1/MPa]       [1/MPa]
             0  3,20284e+001  2,10000e+001  9,99999e-001  2,40000e-001  6,99448e+001  4,26201e-002  1,50000e-002  1,62693e+002  2,50000e+001  1,67398e+003  7,10733e+001  1,67549e+003  4,24577e-002  5,96303e-004  2,53177e-005  5,96841e-004
             1  3,17377e+001  4,00000e+001  6,00000e+000  2,50079e-001  1,15402e+001  3,52720e-002  3,83750e-001  1,96263e+002  2,50000e+001  1,06592e+004  3,63723e+002  1,06654e+004  3,41230e-002  9,37067e-005  3,19755e-006  9,37612e-005
             2  3,18507e+001  5,80000e+001  1,10000e+001  3,08364e-001  8,33726e+000  2,21888e-002  6,34523e-001  2,15983e+002  2,50000e+001  1,83213e+004  3,62630e+002  1,83249e+004  1,97928e-002  5,45598e-005  1,07989e-006  5,45705e-005
             3  3,16496e+001  7,90000e+001  1,60000e+001  9,72720e-001  2,30058e+001  1,78806e-002  8,86583e-001  2,24720e+002  2,50000e+001  2,09937e+004  2,97957e+002  2,09959e+004  1,41927e-002  4,76236e-005  6,75907e-007  4,76284e-005
             4  3,17461e+001  8,20000e+001  2,10000e+001  9,55673e-001  2,11323e+001  1,81035e-002  1,02964e+000  2,29853e+002  2,50000e+001  2,24819e+004  2,96317e+002  2,24838e+004  1,31803e-002  4,44725e-005  5,86159e-007  4,44764e-005
             5  3,20144e+001  9,40000e+001  2,60000e+001  1,00969e+000  2,00770e+001  1,71044e-002  1,17504e+000  2,37195e+002  2,50000e+001  2,50548e+004  2,73782e+002  2,50563e+004  1,09273e-002  3,99078e-005  4,36086e-007  3,99102e-005
             6  3,20497e+001  9,80000e+001  3,10000e+001  1,02184e+000  1,96955e+001  1,83454e-002  1,29704e+000  2,42095e+002  2,50000e+001  2,58621e+004  2,83005e+002  2,58636e+004  1,09428e-002  3,86620e-005  4,23073e-007  3,86644e-005
             7  3,20573e+001  1,07000e+002  3,60000e+001  1,01390e+000  1,99640e+001  2,04429e-002  1,37975e+000  2,44563e+002  2,50000e+001  2,52996e+004  2,99074e+002  2,53013e+004  1,18213e-002  3,95209e-005  4,67188e-007  3,95236e-005
             8  3,20793e+001  1,10000e+002  4,10000e+001  1,01242e+000  2,01080e+001  2,24344e-002  1,43786e+000  2,45363e+002  2,50000e+001  2,50722e+004  3,15768e+002  2,50742e+004  1,25944e-002  3,98785e-005  5,02243e-007  3,98816e-005
             9  3,20290e+001  1,19000e+002  4,60000e+001  1,00834e+000  2,01772e+001  2,38751e-002  1,48190e+000  2,45507e+002  2,50000e+001  2,48760e+004  3,18527e+002  2,48781e+004  1,28046e-002  4,01928e-005  5,14651e-007  4,01960e-005
            10  3,21250e+001  1,24000e+002  5,10000e+001  9,98497e-001  2,00618e+001  2,48484e-002  1,49452e+000  2,45504e+002  2,50000e+001  2,47673e+004  3,10536e+002  2,47692e+004  1,25382e-002  4,03695e-005  5,06159e-007  4,03727e-005
            11  3,21921e+001  1,31000e+002  5,60000e+001  1,00638e+000  2,02390e+001  2,56154e-002  1,49375e+000  2,45442e+002  2,50000e+001  2,47375e+004  2,98381e+002  2,47393e+004  1,20619e-002  4,04186e-005  4,87524e-007  4,04215e-005
            12  3,21856e+001  1,36000e+002  6,10000e+001  9,88882e-001  1,98791e+001  2,66371e-002  1,49305e+000  2,45472e+002  2,50000e+001  2,47409e+004  2,93094e+002  2,47427e+004  1,18465e-002  4,04132e-005  4,78757e-007  4,04160e-005
            13  3,22287e+001  1,43000e+002  6,60000e+001  1,00609e+000  2,02130e+001  2,81747e-002  1,49157e+000  2,45489e+002  2,50000e+001  2,47485e+004  3,00910e+002  2,47503e+004  1,21587e-002  4,04005e-005  4,91220e-007  4,04035e-005
            14  3,18977e+001  1,54000e+002  7,10000e+001  1,01507e+000  2,03800e+001  3,00470e-002  1,49158e+000  2,45387e+002  2,50000e+001  2,47570e+004  3,17219e+002  2,47590e+004  1,28133e-002  4,03861e-005  5,17479e-007  4,03894e-005
            15  3,18729e+001  1,64000e+002  7,60000e+001  1,01109e+000  2,02851e+001  3,20625e-002  1,49254e+000  2,45181e+002  2,50000e+001  2,47667e+004  3,37186e+002  2,47690e+004  1,36145e-002  4,03693e-005  5,49607e-007  4,03731e-005
            16  3,19499e+001  1,69000e+002  8,10000e+001  9,94914e-001  1,99404e+001  3,40117e-002  1,49292e+000  2,45035e+002  2,50000e+001  2,47829e+004  3,55589e+002  2,47854e+004  1,43482e-002  4,03421e-005  5,78835e-007  4,03463e-005
            17  3,20241e+001  1,76000e+002  8,60000e+001  1,01591e+000  2,03439e+001  3,51380e-002  1,49335e+000  2,44898e+002  2,50000e+001  2,47946e+004  3,53103e+002  2,47971e+004  1,42411e-002  4,03232e-005  5,74249e-007  4,03273e-005
            18  3,20045e+001  1,87000e+002  9,10000e+001  1,01402e+000  2,02840e+001  3,57239e-002  1,49481e+000  2,44697e+002  2,50000e+001  2,48120e+004  3,36995e+002  2,48143e+004  1,35819e-002  4,02956e-005  5,47293e-007  4,02994e-005
            19  3,20588e+001  1,96000e+002  9,60000e+001  1,01510e+000  2,02793e+001  3,66257e-002  1,49631e+000  2,44444e+002  2,50000e+001  2,48341e+004  3,28954e+002  2,48362e+004  1,32461e-002  4,02602e-005  5,33290e-007  4,02637e-005
            20  3,21017e+001  2,00000e+002  1,01000e+002  1,00948e+000  2,01417e+001  3,77199e-002  1,49892e+000  2,44247e+002  2,50000e+001  2,48544e+004  3,25772e+002  2,48566e+004  1,31072e-002  4,02274e-005  5,27268e-007  4,02308e-005
            21  3,21435e+001  2,05000e+002  9,99999e-001  1,00000e+000  2,02942e+001  1,21538e-002  1,49500e+000  2,42381e+002  2,50000e+001  2,45453e+004  2,98524e+002  2,45471e+004  1,21622e-002  4,07350e-005  4,95428e-007  4,07381e-005
            22  3,15212e+001  2,20000e+002  6,00000e+000  1,00518e+000  2,03662e+001  1,26351e-002  1,48719e+000  2,43795e+002  2,50000e+001  2,45860e+004  2,80213e+002  2,45876e+004  1,13973e-002  4,06683e-005  4,63508e-007  4,06710e-005
            23  3,11844e+001  2,29000e+002  1,10000e+001  9,99989e-001  2,02276e+001  1,32445e-002  1,48215e+000  2,44137e+002  2,50000e+001  2,46266e+004  2,64984e+002  2,46280e+004  1,07601e-002  4,06018e-005  4,36877e-007  4,06041e-005
            24  3,11844e+001  2,29001e+002  1,60000e+001  1,04062e+000  2,10126e+001  1,41531e-002  1,48730e+000  2,44334e+002  2,50000e+001  2,46693e+004  2,57264e+002  2,46706e+004  1,04285e-002  4,05318e-005  4,22688e-007  4,05340e-005
            25  3,12142e+001  2,30000e+002  2,10000e+001  1,00031e+000  2,01812e+001  1,53310e-002  1,48990e+000  2,44487e+002  2,50000e+001  2,46890e+004  2,56074e+002  2,46903e+004  1,03720e-002  4,04995e-005  4,20059e-007  4,05017e-005
            26  3,12522e+001  2,39000e+002  2,60000e+001  9,99579e-001  2,01509e+001  1,59250e-002  1,48695e+000  2,44689e+002  2,50000e+001  2,47058e+004  2,40110e+002  2,47069e+004  9,71877e-003  4,04725e-005  3,93343e-007  4,04745e-005
            27  3,12725e+001  2,41000e+002  3,10000e+001  9,99829e-001  2,01342e+001  1,76636e-002  1,48424e+000  2,44800e+002  2,50000e+001  2,47297e+004  2,53116e+002  2,47310e+004  1,02353e-002  4,04330e-005  4,13845e-007  4,04351e-005
            28  3,12718e+001  2,42000e+002  3,60000e+001  1,00062e+000  2,01285e+001  1,92923e-002  1,48263e+000  2,44850e+002  2,50000e+001  2,47528e+004  2,63363e+002  2,47542e+004  1,06397e-002  4,03948e-005  4,29789e-007  4,03971e-005
            29  3,12377e+001  2,44000e+002  4,10000e+001  1,00054e+000  2,01042e+001  2,09396e-002  1,48226e+000  2,44900e+002  2,50000e+001  2,47766e+004  2,74111e+002  2,47781e+004  1,10633e-002  4,03557e-005  4,46467e-007  4,03582e-005
            30  3,11864e+001  2,50000e+002  4,60000e+001  1,00551e+000  2,01833e+001  2,24865e-002  1,48369e+000  2,44954e+002  2,50000e+001  2,47976e+004  2,82305e+002  2,47993e+004  1,13844e-002  4,03212e-005  4,59031e-007  4,03238e-005
            31  3,11341e+001  2,51000e+002  5,10000e+001  1,00065e+000  2,00688e+001  2,36406e-002  1,48450e+000  2,45020e+002  2,50000e+001  2,48135e+004  2,80494e+002  2,48150e+004  1,13041e-002  4,02956e-005  4,55505e-007  4,02981e-005
            32  3,10621e+001  2,53000e+002  5,60000e+001  1,00460e+000  2,01329e+001  2,47453e-002  1,48461e+000  2,45077e+002  2,50000e+001  2,48262e+004  2,77396e+002  2,48278e+004  1,11735e-002  4,02750e-005  4,50013e-007  4,02775e-005
            33  3,10250e+001  2,54000e+002  6,10000e+001  1,00416e+000  2,01108e+001  2,59096e-002  1,48479e+000  2,45078e+002  2,50000e+001  2,48360e+004  2,75778e+002  2,48375e+004  1,11040e-002  4,02592e-005  4,47036e-007  4,02617e-005
            34  3,10485e+001  2,62000e+002  6,60000e+001  9,99857e-001  2,00119e+001  2,77136e-002  1,48549e+000  2,45049e+002  2,50000e+001  2,48446e+004  2,90396e+002  2,48463e+004  1,16885e-002  4,02447e-005  4,70401e-007  4,02475e-005
            35  3,10245e+001  2,63000e+002  7,10000e+001  9,99730e-001  1,99968e+001  2,97496e-002  1,48835e+000  2,45016e+002  2,50000e+001  2,48521e+004  3,10909e+002  2,48541e+004  1,25104e-002  4,02317e-005  5,03313e-007  4,02348e-005
            36  3,09740e+001  2,65000e+002  7,60000e+001  1,00424e+000  2,00761e+001  3,19318e-002  1,49216e+000  2,44905e+002  2,50000e+001  2,48569e+004  3,35118e+002  2,48592e+004  1,34819e-002  4,02229e-005  5,42280e-007  4,02266e-005
            37  3,09222e+001  2,66000e+002  8,10000e+001  1,02581e+000  2,04974e+001  3,39880e-002  1,49587e+000  2,44738e+002  2,50000e+001  2,48597e+004  3,56114e+002  2,48622e+004  1,43250e-002  4,02175e-005  5,76114e-007  4,02216e-005
            38  3,07880e+001  2,75000e+002  8,60000e+001  1,04147e+000  2,08029e+001  3,46916e-002  1,49903e+000  2,44557e+002  2,50000e+001  2,48591e+004  3,42697e+002  2,48614e+004  1,37856e-002  4,02191e-005  5,54445e-007  4,02230e-005
            39  3,07668e+001  2,78000e+002  9,10000e+001  1,02459e+000  2,04571e+001  3,51951e-002  1,50000e+000  2,44323e+002  2,50000e+001  2,48597e+004  3,24221e+002  2,48618e+004  1,30420e-002  4,02189e-005  5,24536e-007  4,02223e-005
            40  3,07291e+001  2,80000e+002  9,60000e+001  1,01496e+000  2,02543e+001  3,61672e-002  1,50000e+000  2,44016e+002  2,50000e+001  2,48622e+004  3,17682e+002  2,48642e+004  1,27777e-002  4,02152e-005  5,13859e-007  4,02185e-005
            41  3,05838e+001  2,89000e+002  1,01000e+002  9,50101e-001  1,89508e+001  3,75071e-002  1,50000e+000  2,43715e+002  2,50000e+001  2,48626e+004  3,20474e+002  2,48647e+004  1,28898e-002  4,02143e-005  5,18354e-007  4,02177e-005
cfrp_frq1_100_5_1N, 25.04.2021 17:10:54
