         Index            Ts             t             f             F             x         Phase            F0            x0            Tr            M'            M"            M*     tan_delta            C'            C"            C*
           [#]          [°C]           [s]          [Hz]           [N]          [um]         [rad]           [N]          [um]          [°C]         [MPa]         [MPa]         [MPa]            []       [1/MPa]       [1/MPa]       [1/MPa]
             0  3,05121e+001  2,00000e+001  9,99999e-001  5,50000e-002  9,41339e+001  5,68780e-002  0,00000e+000  2,46570e+002  2,50000e+001  2,84493e+002  1,61314e+001  2,84950e+002  5,67022e-002  3,50376e-003  1,98671e-004  3,50939e-003
             1  3,03882e+001  3,80000e+001  6,00000e+000  1,95389e-001  1,90465e+001  5,60293e-002  3,35938e-001  3,02536e+002  2,50000e+001  5,01638e+003  2,75126e+002  5,02392e+003  5,48455e-002  1,98749e-004  1,09005e-005  1,99048e-004
             2  3,04510e+001  5,80000e+001  1,10000e+001  2,73255e-001  1,00336e+001  2,80074e-002  6,24125e-001  3,25533e+002  2,50000e+001  1,34313e+004  3,43834e+002  1,34357e+004  2,55994e-002  7,44040e-005  1,90470e-006  7,44284e-005
             3  3,04590e+001  7,90000e+001  1,60000e+001  9,35156e-001  2,69176e+001  1,82191e-002  8,76430e-001  3,37463e+002  2,50000e+001  1,71929e+004  2,49117e+002  1,71947e+004  1,44895e-002  5,81513e-005  8,42585e-007  5,81574e-005
             4  3,04493e+001  8,20000e+001  2,10000e+001  9,34834e-001  2,37807e+001  1,82142e-002  1,02288e+000  3,45049e+002  2,50000e+001  1,94918e+004  2,58435e+002  1,94935e+004  1,32586e-002  5,12945e-005  6,80096e-007  5,12991e-005
             5  3,02562e+001  9,10000e+001  2,60000e+001  1,00984e+000  2,14403e+001  1,80685e-002  1,17291e+000  3,55315e+002  2,50000e+001  2,34320e+004  2,78752e+002  2,34337e+004  1,18962e-002  4,26707e-005  5,07620e-007  4,26737e-005
             6  3,02055e+001  9,40000e+001  3,10000e+001  1,03330e+000  2,06426e+001  1,86709e-002  1,30244e+000  3,61402e+002  2,50000e+001  2,49323e+004  2,80907e+002  2,49339e+004  1,12668e-002  4,01035e-005  4,51838e-007  4,01061e-005
             7  3,02262e+001  1,03000e+002  3,60000e+001  1,02524e+000  2,10788e+001  2,06917e-002  1,38774e+000  3,64102e+002  2,50000e+001  2,42067e+004  2,92037e+002  2,42084e+004  1,20643e-002  4,13049e-005  4,98315e-007  4,13079e-005
             8  3,02839e+001  1,06000e+002  4,10000e+001  1,01585e+000  2,11462e+001  2,29613e-002  1,44287e+000  3,65603e+002  2,50000e+001  2,38974e+004  3,13525e+002  2,38995e+004  1,31196e-002  4,18383e-005  5,48902e-007  4,18419e-005
             9  3,02876e+001  1,15000e+002  4,60000e+001  1,01694e+000  2,13936e+001  2,43576e-002  1,48442e+000  3,66590e+002  2,50000e+001  2,36363e+004  3,13973e+002  2,36384e+004  1,32835e-002  4,23003e-005  5,61895e-007  4,23040e-005
            10  3,00015e+001  1,19000e+002  5,10000e+001  1,01176e+000  2,14205e+001  2,57519e-002  1,49660e+000  3,66850e+002  2,50000e+001  2,34778e+004  3,15696e+002  2,34799e+004  1,34466e-002  4,25858e-005  5,72633e-007  4,25896e-005
            11  3,01096e+001  1,25000e+002  5,60000e+001  1,00080e+000  2,12304e+001  2,69907e-002  1,49509e+000  3,66758e+002  2,50000e+001  2,34246e+004  3,15112e+002  2,34267e+004  1,34522e-002  4,26825e-005  5,74174e-007  4,26863e-005
            12  3,03420e+001  1,37000e+002  6,10000e+001  9,95866e-001  2,11206e+001  2,81750e-002  1,49443e+000  3,66714e+002  2,50000e+001  2,34240e+004  3,13954e+002  2,34261e+004  1,34031e-002  4,26836e-005  5,72094e-007  4,26875e-005
            13  3,03180e+001  1,40000e+002  6,60000e+001  9,94851e-001  2,10814e+001  2,94488e-002  1,49448e+000  3,66665e+002  2,50000e+001  2,34369e+004  3,15125e+002  2,34390e+004  1,34457e-002  4,26601e-005  5,73594e-007  4,26639e-005
            14  3,04102e+001  1,51000e+002  7,10000e+001  9,95356e-001  2,10694e+001  3,09047e-002  1,49395e+000  3,66582e+002  2,50000e+001  2,34550e+004  3,20736e+002  2,34572e+004  1,36745e-002  4,26268e-005  5,82901e-007  4,26308e-005
            15  3,03532e+001  1,60000e+002  7,60000e+001  1,00180e+000  2,11819e+001  3,23722e-002  1,49283e+000  3,66491e+002  2,50000e+001  2,34738e+004  3,26646e+002  2,34760e+004  1,39154e-002  4,25925e-005  5,92691e-007  4,25966e-005
            16  3,04752e+001  1,69000e+002  8,10000e+001  1,04059e+000  2,19731e+001  3,38783e-002  1,49355e+000  3,66383e+002  2,50000e+001  2,34968e+004  3,33560e+002  2,34991e+004  1,41960e-002  4,25505e-005  6,04047e-007  4,25548e-005
            17  3,05171e+001  1,73000e+002  8,60000e+001  1,04949e+000  2,21328e+001  3,49159e-002  1,49363e+000  3,66231e+002  2,50000e+001  2,35181e+004  3,29220e+002  2,35204e+004  1,39986e-002  4,25121e-005  5,95109e-007  4,25163e-005
            18  3,05441e+001  1,84000e+002  9,10000e+001  1,01424e+000  2,13630e+001  3,58259e-002  1,49316e+000  3,66040e+002  2,50000e+001  2,35379e+004  3,21790e+002  2,35401e+004  1,36711e-002  4,24766e-005  5,80704e-007  4,24806e-005
            19  3,05732e+001  1,93000e+002  9,60000e+001  1,05115e+000  2,21131e+001  3,71744e-002  1,49348e+000  3,65848e+002  2,50000e+001  2,35571e+004  3,24892e+002  2,35593e+004  1,37917e-002  4,24421e-005  5,85348e-007  4,24461e-005
            20  3,04057e+001  2,02000e+002  1,01000e+002  9,54628e-001  2,00606e+001  3,84003e-002  1,49345e+000  3,65613e+002  2,50000e+001  2,35726e+004  3,25005e+002  2,35748e+004  1,37874e-002  4,24141e-005  5,84781e-007  4,24181e-005
            21  3,05920e+001  2,14000e+002  9,99999e-001  1,00000e+000  2,15576e+001  1,44297e-002  1,50000e+000  3,66663e+002  2,50000e+001  2,30767e+004  3,33909e+002  2,30791e+004  1,44695e-002  4,33247e-005  6,26887e-007  4,33292e-005
            22  3,06075e+001  2,29000e+002  6,00000e+000  1,02056e+000  2,19458e+001  1,46571e-002  1,49063e+000  3,66305e+002  2,50000e+001  2,31357e+004  3,11097e+002  2,31378e+004  1,34466e-002  4,32154e-005  5,81100e-007  4,32193e-005
            23  3,02740e+001  2,38000e+002  1,10000e+001  1,00480e+000  2,15505e+001  1,51194e-002  1,49200e+000  3,66308e+002  2,50000e+001  2,31970e+004  2,93684e+002  2,31988e+004  1,26605e-002  4,31021e-005  5,45693e-007  4,31056e-005
            24  3,02740e+001  2,38001e+002  1,60000e+001  1,05465e+000  2,26060e+001  1,61793e-002  1,49289e+000  3,66283e+002  2,50000e+001  2,32098e+004  2,89740e+002  2,32116e+004  1,24835e-002  4,30785e-005  5,37771e-007  4,30819e-005
            25  3,02779e+001  2,39000e+002  2,10000e+001  1,00466e+000  2,14997e+001  1,76375e-002  1,49326e+000  3,66290e+002  2,50000e+001  2,32459e+004  2,95532e+002  2,32477e+004  1,27133e-002  4,30115e-005  5,46819e-007  4,30149e-005
            26  3,03571e+001  2,45000e+002  2,60000e+001  1,00559e+000  2,15064e+001  1,80557e-002  1,49333e+000  3,66290e+002  2,50000e+001  2,32581e+004  2,76339e+002  2,32598e+004  1,18814e-002  4,29896e-005  5,10776e-007  4,29927e-005
            27  3,03765e+001  2,47000e+002  3,10000e+001  1,00107e+000  2,14006e+001  1,96175e-002  1,49444e+000  3,66319e+002  2,50000e+001  2,32649e+004  2,84222e+002  2,32667e+004  1,22168e-002  4,29767e-005  5,25037e-007  4,29800e-005
            28  3,03968e+001  2,50000e+002  3,60000e+001  1,00441e+000  2,14552e+001  2,09316e-002  1,49500e+000  3,66314e+002  2,50000e+001  2,32800e+004  2,86333e+002  2,32818e+004  1,22995e-002  4,29488e-005  5,28250e-007  4,29521e-005
            29  3,04154e+001  2,51000e+002  4,10000e+001  1,00047e+000  2,13454e+001  2,23853e-002  1,49500e+000  3,66288e+002  2,50000e+001  2,33042e+004  2,91883e+002  2,33060e+004  1,25249e-002  4,29040e-005  5,37368e-007  4,29074e-005
            30  3,04579e+001  2,57000e+002  4,60000e+001  9,95397e-001  2,12203e+001  2,38851e-002  1,49500e+000  3,66256e+002  2,50000e+001  2,33182e+004  2,98415e+002  2,33201e+004  1,27975e-002  4,28779e-005  5,48730e-007  4,28814e-005
            31  3,04990e+001  2,59000e+002  5,10000e+001  1,00105e+000  2,13226e+001  2,51851e-002  1,49500e+000  3,66253e+002  2,50000e+001  2,33331e+004  3,00209e+002  2,33351e+004  1,28662e-002  4,28504e-005  5,51323e-007  4,28539e-005
            32  3,05214e+001  2,60000e+002  5,60000e+001  9,99518e-001  2,12712e+001  2,63651e-002  1,49500e+000  3,66250e+002  2,50000e+001  2,33483e+004  2,99155e+002  2,33502e+004  1,28127e-002  4,28226e-005  5,48672e-007  4,28261e-005
            33  3,05499e+001  2,62000e+002  6,10000e+001  9,99775e-001  2,12559e+001  2,75392e-002  1,49500e+000  3,66214e+002  2,50000e+001  2,33652e+004  2,97984e+002  2,33671e+004  1,27533e-002  4,27918e-005  5,45738e-007  4,27953e-005
            34  3,05702e+001  2,68000e+002  6,60000e+001  9,94890e-001  2,11276e+001  2,89648e-002  1,49500e+000  3,66162e+002  2,50000e+001  2,33858e+004  3,02868e+002  2,33877e+004  1,29510e-002  4,27539e-005  5,53704e-007  4,27575e-005
            35  3,05913e+001  2,69000e+002  7,10000e+001  1,01060e+000  2,14323e+001  3,04960e-002  1,49500e+000  3,66094e+002  2,50000e+001  2,34102e+004  3,10343e+002  2,34123e+004  1,32567e-002  4,27088e-005  5,66179e-007  4,27126e-005
            36  3,06265e+001  2,71000e+002  7,60000e+001  1,00659e+000  2,13155e+001  3,20622e-002  1,49500e+000  3,65973e+002  2,50000e+001  2,34376e+004  3,18716e+002  2,34398e+004  1,35985e-002  4,26586e-005  5,80092e-007  4,26625e-005
            37  3,06289e+001  2,72000e+002  8,10000e+001  1,01643e+000  2,14849e+001  3,36838e-002  1,49500e+000  3,65881e+002  2,50000e+001  2,34721e+004  3,28542e+002  2,34744e+004  1,39971e-002  4,25954e-005  5,96212e-007  4,25996e-005
            38  3,06524e+001  2,80000e+002  8,60000e+001  1,02982e+000  2,17348e+001  3,50464e-002  1,49500e+000  3,65788e+002  2,50000e+001  2,34995e+004  3,32086e+002  2,35018e+004  1,41316e-002  4,25456e-005  6,01238e-007  4,25498e-005
            39  3,06734e+001  2,83000e+002  9,10000e+001  1,06971e+000  2,25373e+001  3,63810e-002  1,49500e+000  3,65669e+002  2,50000e+001  2,35315e+004  3,35037e+002  2,35339e+004  1,42378e-002  4,24876e-005  6,04931e-007  4,24919e-005
            40  3,06766e+001  2,89000e+002  9,60000e+001  9,94550e-001  2,09129e+001  3,71413e-002  1,49500e+000  3,65528e+002  2,50000e+001  2,35681e+004  3,24252e+002  2,35703e+004  1,37581e-002  4,24223e-005  5,83650e-007  4,24263e-005
            41  3,06814e+001  2,90000e+002  1,01000e+002  1,05006e+000  2,20427e+001  3,75465e-002  1,49500e+000  3,65437e+002  2,50000e+001  2,35983e+004  3,04794e+002  2,36002e+004  1,29160e-002  4,23689e-005  5,47236e-007  4,23725e-005
cfrp_frq1_100_5_1N, 25.04.2021 16:25:16
