         Index            Ts             t             f             F             x         Phase            F0            x0            Tr            M'            M"            M*     tan_delta            C'            C"            C*
           [#]          [°C]           [s]          [Hz]           [N]          [um]         [rad]           [N]          [um]          [°C]         [MPa]         [MPa]         [MPa]            []       [1/MPa]       [1/MPa]       [1/MPa]
             0  3,12120e+001  2,00000e+001  9,99999e-001  5,00000e-002  9,42421e+001  5,40187e-002  0,00000e+000  2,50759e+002  2,50000e+001  2,58368e+002  1,39085e+001  2,58742e+002  5,38321e-002  3,85927e-003  2,07753e-004  3,86485e-003
             1  3,12738e+001  3,90000e+001  6,00000e+000  1,90113e-001  2,10162e+001  6,75992e-002  3,14062e-001  3,06141e+002  2,50000e+001  4,41804e+003  2,93688e+002  4,42779e+003  6,64747e-002  2,25349e-004  1,49800e-005  2,25846e-004
             2  3,11685e+001  5,80000e+001  1,10000e+001  2,73452e-001  1,02608e+001  3,15543e-002  5,92438e-001  3,32514e+002  2,50000e+001  1,31387e+004  3,83434e+002  1,31443e+004  2,91836e-002  7,60464e-005  2,21931e-006  7,60788e-005
             3  3,11816e+001  8,00000e+001  1,60000e+001  9,44716e-001  2,75492e+001  1,76424e-002  8,53903e-001  3,43814e+002  2,50000e+001  1,69673e+004  2,35867e+002  1,69690e+004  1,39013e-002  5,89254e-005  8,19138e-007  5,89311e-005
             4  3,11706e+001  8,30000e+001  2,10000e+001  9,19385e-001  2,36699e+001  1,86987e-002  1,00485e+000  3,50745e+002  2,50000e+001  1,92553e+004  2,64736e+002  1,92571e+004  1,37487e-002  5,19240e-005  7,13889e-007  5,19289e-005
             5  3,12615e+001  9,70000e+001  2,60000e+001  1,00423e+000  2,14428e+001  1,82948e-002  1,15384e+000  3,60867e+002  2,50000e+001  2,32963e+004  2,82487e+002  2,32981e+004  1,21258e-002  4,29189e-005  5,20427e-007  4,29220e-005
             6  3,12768e+001  1,01000e+002  3,10000e+001  1,03251e+000  2,07045e+001  1,78340e-002  1,28466e+000  3,66926e+002  2,50000e+001  2,48367e+004  2,58562e+002  2,48380e+004  1,04105e-002  4,02587e-005  4,19113e-007  4,02609e-005
             7  3,14017e+001  1,10000e+002  3,60000e+001  1,02638e+000  2,11867e+001  1,98859e-002  1,37532e+000  3,69572e+002  2,50000e+001  2,41083e+004  2,70980e+002  2,41098e+004  1,12401e-002  4,14743e-005  4,66177e-007  4,14769e-005
             8  3,13944e+001  1,13000e+002  4,10000e+001  1,01725e+000  2,12883e+001  2,23424e-002  1,43592e+000  3,70491e+002  2,50000e+001  2,37681e+004  2,96773e+002  2,37700e+004  1,24862e-002  4,20666e-005  5,25250e-007  4,20698e-005
             9  3,13331e+001  1,21000e+002  4,60000e+001  1,01224e+000  2,14342e+001  2,37024e-002  1,48155e+000  3,70671e+002  2,50000e+001  2,34795e+004  2,96142e+002  2,34814e+004  1,26128e-002  4,25836e-005  5,37098e-007  4,25869e-005
            10  3,12015e+001  1,24000e+002  5,10000e+001  1,01223e+000  2,15929e+001  2,53548e-002  1,49560e+000  3,70611e+002  2,50000e+001  2,32978e+004  3,03782e+002  2,32998e+004  1,30391e-002  4,29152e-005  5,59573e-007  4,29188e-005
            11  3,12820e+001  1,34000e+002  5,60000e+001  9,99819e-001  2,13776e+001  2,68884e-002  1,49563e+000  3,70450e+002  2,50000e+001  2,32367e+004  3,10108e+002  2,32388e+004  1,33456e-002  4,30277e-005  5,74231e-007  4,30315e-005
            12  3,11980e+001  1,37000e+002  6,10000e+001  1,01641e+000  2,17203e+001  2,83299e-002  1,49533e+000  3,70365e+002  2,50000e+001  2,32434e+004  3,15160e+002  2,32456e+004  1,35591e-002  4,30150e-005  5,83246e-007  4,30190e-005
            13  3,13504e+001  1,51000e+002  6,60000e+001  9,95675e-001  2,12476e+001  2,96315e-002  1,49478e+000  3,70306e+002  2,50000e+001  2,32694e+004  3,17168e+002  2,32716e+004  1,36302e-002  4,29668e-005  5,85648e-007  4,29708e-005
            14  3,13396e+001  1,67000e+002  7,10000e+001  1,00224e+000  2,13516e+001  3,08522e-002  1,49594e+000  3,70257e+002  2,50000e+001  2,33021e+004  3,17353e+002  2,33043e+004  1,36190e-002  4,29066e-005  5,84346e-007  4,29106e-005
            15  3,14043e+001  1,72000e+002  7,60000e+001  1,00991e+000  2,14744e+001  3,22690e-002  1,49776e+000  3,70221e+002  2,50000e+001  2,33387e+004  3,22271e+002  2,33409e+004  1,38084e-002  4,28391e-005  5,91541e-007  4,28432e-005
            16  3,12418e+001  1,82000e+002  8,10000e+001  1,00570e+000  2,13431e+001  3,34939e-002  1,49828e+000  3,70091e+002  2,50000e+001  2,33767e+004  3,22649e+002  2,33790e+004  1,38022e-002  4,27694e-005  5,90310e-007  4,27735e-005
            17  3,11454e+001  1,91000e+002  8,60000e+001  9,94854e-001  2,10745e+001  3,51602e-002  1,49811e+000  3,69886e+002  2,50000e+001  2,34109e+004  3,33529e+002  2,34133e+004  1,42467e-002  4,27065e-005  6,08427e-007  4,27108e-005
            18  3,11158e+001  2,00000e+002  9,10000e+001  1,00662e+000  2,12805e+001  3,58165e-002  1,49804e+000  3,69739e+002  2,50000e+001  2,34500e+004  3,20338e+002  2,34521e+004  1,36605e-002  4,26360e-005  5,82430e-007  4,26400e-005
            19  3,11894e+001  2,05000e+002  9,60000e+001  9,99255e-001  2,10853e+001  3,70337e-002  1,49842e+000  3,69651e+002  2,50000e+001  2,34843e+004  3,20494e+002  2,34865e+004  1,36472e-002  4,25737e-005  5,81010e-007  4,25776e-005
            20  3,12418e+001  2,15000e+002  1,01000e+002  1,06031e+000  2,23434e+001  3,78736e-002  1,49954e+000  3,69638e+002  2,50000e+001  2,35059e+004  3,11426e+002  2,35079e+004  1,32489e-002  4,25351e-005  5,63542e-007  4,25388e-005
            21  3,13102e+001  2,24000e+002  9,99999e-001  1,00000e+000  2,17200e+001  1,38235e-002  1,48500e+000  3,69412e+002  2,50000e+001  2,29009e+004  3,17145e+002  2,29031e+004  1,38486e-002  4,36581e-005  6,04604e-007  4,36623e-005
            22  3,14975e+001  2,37000e+002  6,00000e+000  1,02077e+000  2,21068e+001  1,44751e-002  1,48656e+000  3,69602e+002  2,50000e+001  2,29686e+004  3,04539e+002  2,29707e+004  1,32589e-002  4,35300e-005  5,77160e-007  4,35338e-005
            23  3,14606e+001  2,45000e+002  1,10000e+001  1,00440e+000  2,16983e+001  1,50179e-002  1,48601e+000  3,69608e+002  2,50000e+001  2,30263e+004  2,89093e+002  2,30281e+004  1,25549e-002  4,34218e-005  5,45158e-007  4,34253e-005
            24  3,14606e+001  2,45001e+002  1,60000e+001  1,07031e+000  2,30939e+001  1,57844e-002  1,49004e+000  3,69724e+002  2,50000e+001  2,30537e+004  2,78460e+002  2,30554e+004  1,20787e-002  4,33707e-005  5,23863e-007  4,33738e-005
            25  3,14179e+001  2,48000e+002  2,10000e+001  1,00495e+000  2,16463e+001  1,70745e-002  1,49224e+000  3,69824e+002  2,50000e+001  2,30922e+004  2,80270e+002  2,30939e+004  1,21370e-002  4,32984e-005  5,25513e-007  4,33015e-005
            26  3,14051e+001  2,54000e+002  2,60000e+001  1,00143e+000  2,15521e+001  1,77503e-002  1,49382e+000  3,69869e+002  2,50000e+001  2,31099e+004  2,67340e+002  2,31115e+004  1,15682e-002  4,32657e-005  5,00505e-007  4,32686e-005
            27  3,14332e+001  2,55000e+002  3,10000e+001  9,99959e-001  2,14968e+001  1,93607e-002  1,49515e+000  3,69895e+002  2,50000e+001  2,31327e+004  2,76510e+002  2,31343e+004  1,19532e-002  4,32227e-005  5,16650e-007  4,32258e-005
            28  3,14882e+001  2,58000e+002  3,60000e+001  1,00096e+000  2,14941e+001  2,09377e-002  1,49664e+000  3,69933e+002  2,50000e+001  2,31555e+004  2,84915e+002  2,31573e+004  1,23044e-002  4,31797e-005  5,31300e-007  4,31830e-005
            29  3,15227e+001  2,60000e+002  4,10000e+001  1,00500e+000  2,15557e+001  2,25017e-002  1,49823e+000  3,70001e+002  2,50000e+001  2,31788e+004  2,93035e+002  2,31806e+004  1,26424e-002  4,31360e-005  5,45343e-007  4,31395e-005
            30  3,16246e+001  2,67000e+002  4,60000e+001  1,00524e+000  2,15383e+001  2,40410e-002  1,49958e+000  3,70063e+002  2,50000e+001  2,31986e+004  3,00545e+002  2,32005e+004  1,29553e-002  4,30988e-005  5,58359e-007  4,31024e-005
            31  3,16468e+001  2,69000e+002  5,10000e+001  1,00430e+000  2,14960e+001  2,53610e-002  1,50000e+000  3,70122e+002  2,50000e+001  2,32177e+004  3,02862e+002  2,32196e+004  1,30445e-002  4,30633e-005  5,61739e-007  4,30670e-005
            32  3,16552e+001  2,70000e+002  5,60000e+001  9,99879e-001  2,13778e+001  2,64429e-002  1,50000e+000  3,70143e+002  2,50000e+001  2,32380e+004  2,99560e+002  2,32400e+004  1,28909e-002  4,30257e-005  5,54641e-007  4,30293e-005
            33  3,16776e+001  2,72000e+002  6,10000e+001  1,01467e+000  2,16673e+001  2,77269e-002  1,50000e+000  3,70082e+002  2,50000e+001  2,32609e+004  3,01085e+002  2,32628e+004  1,29438e-002  4,29834e-005  5,56370e-007  4,29870e-005
            34  3,16718e+001  2,82000e+002  6,60000e+001  9,90584e-001  2,11268e+001  2,89741e-002  1,50000e+000  3,69998e+002  2,50000e+001  2,32834e+004  3,01738e+002  2,32853e+004  1,29594e-002  4,29419e-005  5,56501e-007  4,29455e-005
            35  3,16765e+001  2,84000e+002  7,10000e+001  1,00912e+000  2,14924e+001  3,03283e-002  1,49950e+000  3,69933e+002  2,50000e+001  2,33085e+004  3,04977e+002  2,33105e+004  1,30843e-002  4,28954e-005  5,61258e-007  4,28990e-005
            36  3,16753e+001  2,85000e+002  7,60000e+001  1,01083e+000  2,14974e+001  3,14554e-002  1,49777e+000  3,69835e+002  2,50000e+001  2,33352e+004  3,02841e+002  2,33372e+004  1,29778e-002  4,28464e-005  5,56054e-007  4,28500e-005
            37  3,16832e+001  2,87000e+002  8,10000e+001  1,00490e+000  2,13378e+001  3,26690e-002  1,49554e+000  3,69742e+002  2,50000e+001  2,33639e+004  3,02794e+002  2,33659e+004  1,29599e-002  4,27938e-005  5,54602e-007  4,27974e-005
            38  3,17346e+001  2,96000e+002  8,60000e+001  1,02119e+000  2,16528e+001  3,39848e-002  1,49326e+000  3,69602e+002  2,50000e+001  2,33888e+004  3,05141e+002  2,33908e+004  1,30464e-002  4,27481e-005  5,57711e-007  4,27518e-005
            39  3,17344e+001  2,99000e+002  9,10000e+001  1,04414e+000  2,21044e+001  3,56666e-002  1,49033e+000  3,69431e+002  2,50000e+001  2,34167e+004  3,16290e+002  2,34188e+004  1,35070e-002  4,26968e-005  5,76708e-007  4,27007e-005
            40  3,16904e+001  3,06000e+002  9,60000e+001  9,69573e-001  2,04935e+001  3,68853e-002  1,48632e+000  3,69292e+002  2,50000e+001  2,34440e+004  3,16381e+002  2,34461e+004  1,34952e-002  4,26471e-005  5,75529e-007  4,26510e-005
            41  3,17126e+001  3,09000e+002  1,01000e+002  1,08011e+000  2,28036e+001  3,74798e-002  1,48162e+000  3,69326e+002  2,50000e+001  2,34608e+004  3,01385e+002  2,34627e+004  1,28463e-002  4,26172e-005  5,47475e-007  4,26208e-005
cfrp_frq1_100_5_1N, 25.04.2021 16:45:53
