         Index            Ts             t             f             F             x         Phase            F0            x0            Tr            M'            M"            M*     tan_delta            C'            C"            C*
           [#]          [°C]           [s]          [Hz]           [N]          [um]         [rad]           [N]          [um]          [°C]         [MPa]         [MPa]         [MPa]            []       [1/MPa]       [1/MPa]       [1/MPa]
             0  2,29769e+001  2,50000e+001  9,99999e-001  1,09000e+000  1,43177e+001  2,17912e-002  1,75500e+000  4,27630e+002  2,50000e+001  2,24257e+004  4,98960e+002  2,24313e+004  2,22495e-002  4,45696e-005  9,91651e-007  4,45807e-005
             1  2,29896e+001  4,90000e+001  6,00000e+000  9,97469e-001  1,26327e+001  1,86052e-002  1,57687e+000  4,30385e+002  2,50000e+001  2,32895e+004  4,12418e+002  2,32931e+004  1,77084e-002  4,29244e-005  7,60120e-007  4,29311e-005
             2  2,29730e+001  5,80000e+001  1,10000e+001  5,29398e-001  6,66956e+000  1,92915e-002  1,53238e+000  4,30971e+002  2,50000e+001  2,34156e+004  4,01477e+002  2,34190e+004  1,71457e-002  4,26941e-005  7,32021e-007  4,27003e-005
             3  2,29750e+001  6,10000e+001  1,60000e+001  1,00026e+000  1,25898e+001  2,07729e-002  1,51785e+000  4,31275e+002  2,50000e+001  2,34367e+004  4,07863e+002  2,34402e+004  1,74027e-002  4,26552e-005  7,42317e-007  4,26617e-005
             4  2,29659e+001  6,70000e+001  2,10000e+001  9,96961e-001  1,25508e+001  2,15170e-002  1,51073e+000  4,31510e+002  2,50000e+001  2,34301e+004  3,95883e+002  2,34334e+004  1,68964e-002  4,26680e-005  7,20935e-007  4,26741e-005
             5  2,29580e+001  7,10000e+001  2,60000e+001  9,99213e-001  1,25746e+001  2,04271e-002  1,49200e+000  4,31812e+002  2,50000e+001  2,34371e+004  3,39678e+002  2,34395e+004  1,44932e-002  4,26585e-005  6,18257e-007  4,26630e-005
             6  2,29552e+001  8,00000e+001  3,10000e+001  9,95848e-001  1,25206e+001  2,09517e-002  1,48570e+000  4,31877e+002  2,50000e+001  2,34568e+004  3,22777e+002  2,34590e+004  1,37605e-002  4,26235e-005  5,86520e-007  4,26275e-005
             7  2,29593e+001  8,30000e+001  3,60000e+001  1,00028e+000  1,25704e+001  2,20387e-002  1,48443e+000  4,31892e+002  2,50000e+001  2,34643e+004  3,19334e+002  2,34665e+004  1,36094e-002  4,26101e-005  5,79896e-007  4,26140e-005
             8  2,29839e+001  9,40000e+001  4,10000e+001  1,00187e+000  1,25796e+001  2,36522e-002  1,48415e+000  4,31952e+002  2,50000e+001  2,34807e+004  3,28807e+002  2,34830e+004  1,40033e-002  4,25798e-005  5,96257e-007  4,25840e-005
             9  2,29969e+001  9,80000e+001  4,60000e+001  1,00334e+000  1,25877e+001  2,64961e-002  1,48691e+000  4,31987e+002  2,50000e+001  2,34953e+004  3,68174e+002  2,34982e+004  1,56701e-002  4,25512e-005  6,66782e-007  4,25565e-005
            10  2,30115e+001  1,04000e+002  5,10000e+001  1,00139e+000  1,25526e+001  2,97872e-002  1,48977e+000  4,31997e+002  2,50000e+001  2,35096e+004  4,18470e+002  2,35133e+004  1,78000e-002  4,25223e-005  7,56896e-007  4,25291e-005
            11  2,30035e+001  1,07000e+002  5,60000e+001  9,98020e-001  1,24966e+001  3,29562e-002  1,48989e+000  4,31971e+002  2,50000e+001  2,35294e+004  4,65981e+002  2,35340e+004  1,98042e-002  4,24833e-005  8,41347e-007  4,24916e-005
            12  2,30324e+001  1,19000e+002  6,10000e+001  9,99799e-001  1,25032e+001  3,51232e-002  1,48942e+000  4,31938e+002  2,50000e+001  2,35529e+004  4,89237e+002  2,35580e+004  2,07719e-002  4,24394e-005  8,81544e-007  4,24485e-005
            13  2,30496e+001  1,31000e+002  6,60000e+001  1,00643e+000  1,25710e+001  3,70630e-002  1,48889e+000  4,31961e+002  2,50000e+001  2,35746e+004  5,06965e+002  2,35800e+004  2,15048e-002  4,23990e-005  9,11780e-007  4,24088e-005
            14  2,30482e+001  1,34000e+002  7,10000e+001  9,91544e-001  1,23708e+001  3,85034e-002  1,48813e+000  4,32001e+002  2,50000e+001  2,35950e+004  5,12509e+002  2,36005e+004  2,17211e-002  4,23619e-005  9,20148e-007  4,23719e-005
            15  2,30426e+001  1,43000e+002  7,60000e+001  1,01003e+000  1,25844e+001  3,92012e-002  1,48957e+000  4,32054e+002  2,50000e+001  2,36200e+004  5,00018e+002  2,36253e+004  2,11692e-002  4,23180e-005  8,95840e-007  4,23275e-005
            16  2,30430e+001  1,52000e+002  8,10000e+001  1,00421e+000  1,24972e+001  4,01357e-002  1,49218e+000  4,32102e+002  2,50000e+001  2,36399e+004  4,93185e+002  2,36450e+004  2,08624e-002  4,22830e-005  8,82127e-007  4,22922e-005
            17  2,30422e+001  1,63000e+002  8,60000e+001  1,02130e+000  1,26961e+001  4,18414e-002  1,49261e+000  4,32120e+002  2,50000e+001  2,36567e+004  5,05165e+002  2,36621e+004  2,13540e-002  4,22520e-005  9,02248e-007  4,22616e-005
            18  2,30472e+001  1,72000e+002  9,10000e+001  1,01027e+000  1,25430e+001  4,17880e-002  1,49234e+000  4,32170e+002  2,50000e+001  2,36787e+004  4,74175e+002  2,36834e+004  2,00254e-002  4,22151e-005  8,45375e-007  4,22236e-005
            19  2,30380e+001  1,76000e+002  9,60000e+001  1,00824e+000  1,25042e+001  4,34036e-002  1,49271e+000  4,32237e+002  2,50000e+001  2,36944e+004  4,83940e+002  2,36993e+004  2,04243e-002  4,21865e-005  8,61629e-007  4,21953e-005
            20  2,30261e+001  1,87000e+002  1,01000e+002  9,90404e-001  1,22753e+001  4,56570e-002  1,49363e+000  4,32281e+002  2,50000e+001  2,36979e+004  5,09109e+002  2,37034e+004  2,14833e-002  4,21783e-005  9,06129e-007  4,21881e-005
CFRP_f1_100_5_1N, 17.04.2021 13:21:29
