         Index            Ts             t             f             F             x         Phase            F0            x0            Tr            M'            M"            M*     tan_delta            C'            C"            C*
           [#]          [°C]           [s]          [Hz]           [N]          [um]         [rad]           [N]          [um]          [°C]         [MPa]         [MPa]         [MPa]            []       [1/MPa]       [1/MPa]       [1/MPa]
             0  2,28160e+001  2,40000e+001  9,99999e-001  1,30500e+000  1,76307e+001  2,22878e-002  1,78500e+000  4,23053e+002  2,50000e+001  2,17839e+004  4,95409e+002  2,17895e+004  2,27420e-002  4,58818e-005  1,04344e-006  4,58936e-005
             1  2,29017e+001  5,10000e+001  6,00000e+000  9,90047e-001  1,27848e+001  2,16301e-002  1,59750e+000  4,28428e+002  2,50000e+001  2,28247e+004  4,75295e+002  2,28297e+004  2,08237e-002  4,37932e-005  9,11936e-007  4,38026e-005
             2  2,29221e+001  5,90000e+001  1,10000e+001  9,97851e-001  1,26709e+001  1,99217e-002  1,54805e+000  4,30060e+002  2,50000e+001  2,32251e+004  4,13241e+002  2,32287e+004  1,77929e-002  4,30433e-005  7,65866e-007  4,30501e-005
             3  2,29213e+001  6,20000e+001  1,60000e+001  9,97208e-001  1,26111e+001  2,08635e-002  1,53369e+000  4,30660e+002  2,50000e+001  2,33220e+004  4,07988e+002  2,33256e+004  1,74937e-002  4,28648e-005  7,49864e-007  4,28714e-005
             4  2,29237e+001  7,10000e+001  2,10000e+001  1,00064e+000  1,26048e+001  2,02796e-002  1,52133e+000  4,31058e+002  2,50000e+001  2,34159e+004  3,65661e+002  2,34187e+004  1,56160e-002  4,26957e-005  6,66734e-007  4,27009e-005
             5  2,29219e+001  7,40000e+001  2,60000e+001  9,99607e-001  1,25527e+001  2,03082e-002  1,49899e+000  4,31746e+002  2,50000e+001  2,34889e+004  3,37566e+002  2,34913e+004  1,43713e-002  4,25645e-005  6,11706e-007  4,25689e-005
             6  2,29182e+001  8,10000e+001  3,10000e+001  1,00308e+000  1,25756e+001  2,09362e-002  1,49160e+000  4,32015e+002  2,50000e+001  2,35259e+004  3,23381e+002  2,35282e+004  1,37457e-002  4,24982e-005  5,84169e-007  4,25023e-005
             7  2,29152e+001  8,40000e+001  3,60000e+001  9,99129e-001  1,25254e+001  2,23356e-002  1,49297e+000  4,32029e+002  2,50000e+001  2,35235e+004  3,27392e+002  2,35257e+004  1,39177e-002  4,25025e-005  5,91536e-007  4,25066e-005
             8  2,29061e+001  9,20000e+001  4,10000e+001  1,00151e+000  1,25528e+001  2,36372e-002  1,49341e+000  4,32030e+002  2,50000e+001  2,35239e+004  3,29067e+002  2,35262e+004  1,39886e-002  4,25016e-005  5,94537e-007  4,25057e-005
             9  2,29045e+001  9,30000e+001  4,60000e+001  1,00018e+000  1,25285e+001  2,60981e-002  1,49321e+000  4,32038e+002  2,50000e+001  2,35334e+004  3,59101e+002  2,35362e+004  1,52592e-002  4,24829e-005  6,48254e-007  4,24878e-005
            10  2,28963e+001  1,01000e+002  5,10000e+001  1,00399e+000  1,25692e+001  2,78828e-002  1,49292e+000  4,32027e+002  2,50000e+001  2,35412e+004  3,72665e+002  2,35442e+004  1,58303e-002  4,24680e-005  6,72283e-007  4,24734e-005
            11  2,28969e+001  1,04000e+002  5,60000e+001  9,99901e-001  1,25075e+001  3,07602e-002  1,49268e+000  4,32054e+002  2,50000e+001  2,35550e+004  4,12978e+002  2,35586e+004  1,75325e-002  4,24407e-005  7,44091e-007  4,24473e-005
            12  2,29039e+001  1,11000e+002  6,10000e+001  1,00738e+000  1,25895e+001  3,29627e-002  1,49261e+000  4,32100e+002  2,50000e+001  2,35704e+004  4,36916e+002  2,35744e+004  1,85367e-002  4,24116e-005  7,86169e-007  4,24189e-005
            13  2,29289e+001  1,23000e+002  6,60000e+001  9,99037e-001  1,24716e+001  3,62515e-002  1,49241e+000  4,32132e+002  2,50000e+001  2,35888e+004  4,87473e+002  2,35938e+004  2,06654e-002  4,23749e-005  8,75696e-007  4,23840e-005
            14  2,29237e+001  1,34000e+002  7,10000e+001  1,00151e+000  1,24873e+001  3,83619e-002  1,49033e+000  4,32158e+002  2,50000e+001  2,36104e+004  5,09396e+002  2,36159e+004  2,15751e-002  4,23346e-005  9,13373e-007  4,23444e-005
            15  2,29154e+001  1,37000e+002  7,60000e+001  1,01319e+000  1,26165e+001  4,00124e-002  1,48764e+000  4,32204e+002  2,50000e+001  2,36336e+004  5,20156e+002  2,36393e+004  2,20092e-002  4,22922e-005  9,30818e-007  4,23025e-005
            16  2,29487e+001  1,47000e+002  8,10000e+001  1,01564e+000  1,26315e+001  4,07459e-002  1,48666e+000  4,32272e+002  2,50000e+001  2,36548e+004  5,08446e+002  2,36603e+004  2,14944e-002  4,22552e-005  9,08251e-007  4,22650e-005
            17  2,29604e+001  1,58000e+002  8,60000e+001  1,01540e+000  1,26126e+001  4,20509e-002  1,48663e+000  4,32338e+002  2,50000e+001  2,36765e+004  5,10737e+002  2,36820e+004  2,15715e-002  4,22164e-005  9,10671e-007  4,22262e-005
            18  2,29643e+001  1,65000e+002  9,10000e+001  1,01342e+000  1,25739e+001  4,13057e-002  1,48511e+000  4,32371e+002  2,50000e+001  2,36949e+004  4,62680e+002  2,36994e+004  1,95266e-002  4,21872e-005  8,23773e-007  4,21952e-005
            19  2,29665e+001  1,70000e+002  9,60000e+001  9,88830e-001  1,22587e+001  4,27076e-002  1,48377e+000  4,32405e+002  2,50000e+001  2,37042e+004  4,67071e+002  2,37088e+004  1,97041e-002  4,21702e-005  8,30927e-007  4,21784e-005
            20  2,29865e+001  1,81000e+002  1,01000e+002  9,90544e-001  1,22718e+001  4,47663e-002  1,48605e+000  4,32479e+002  2,50000e+001  2,37089e+004  4,87496e+002  2,37140e+004  2,05617e-002  4,21603e-005  8,66888e-007  4,21693e-005
CFRP_f1_100_5_1N, 17.04.2021 13:16:45
