         Index            Ts             t             f             F             x         Phase            F0            x0            Tr            M'            M"            M*     tan_delta            C'            C"            C*
           [#]          [°C]           [s]          [Hz]           [N]          [um]         [rad]           [N]          [um]          [°C]         [MPa]         [MPa]         [MPa]            []       [1/MPa]       [1/MPa]       [1/MPa]
             0  2,22925e+001  2,40000e+001  9,99999e-001  1,25500e+000  1,60304e+002  6,17570e-002  6,90000e-001  3,11631e+002  2,50000e+001  2,23664e+003  1,38193e+002  2,24090e+003  6,17858e-002  4,45399e-004  2,75193e-005  4,46248e-004
             1  2,22179e+001  5,20000e+001  6,00000e+000  3,70789e-001  9,82904e+000  2,69910e-002  1,25875e+000  3,76758e+002  2,50000e+001  1,09307e+004  2,83357e+002  1,09344e+004  2,59230e-002  9,14239e-005  2,36998e-006  9,14546e-005
             2  2,22545e+001  7,20000e+001  1,10000e+001  9,02496e-001  1,43033e+001  2,04307e-002  1,36278e+000  3,95804e+002  2,50000e+001  1,84836e+004  3,36339e+002  1,84867e+004  1,81966e-002  5,40841e-005  9,84147e-007  5,40930e-005
             3  2,22636e+001  7,40000e+001  1,60000e+001  9,48832e-001  1,36245e+001  2,10591e-002  1,39378e+000  4,02388e+002  2,50000e+001  2,04570e+004  3,60541e+002  2,04601e+004  1,76243e-002  4,88679e-005  8,61265e-007  4,88755e-005
             4  2,22884e+001  8,20000e+001  2,10000e+001  6,77783e-001  9,25590e+000  2,16681e-002  1,42015e+000  4,07298e+002  2,50000e+001  2,15416e+004  3,66363e+002  2,15448e+004  1,70072e-002  4,64083e-005  7,89275e-007  4,64150e-005
             5  2,22882e+001  8,50000e+001  2,60000e+001  1,01336e+000  1,26752e+001  1,99424e-002  1,47628e+000  4,15720e+002  2,50000e+001  2,35854e+004  3,30072e+002  2,35878e+004  1,39947e-002  4,23907e-005  5,93248e-007  4,23949e-005
             6  2,23223e+001  9,30000e+001  3,10000e+001  1,02955e+000  1,26253e+001  2,34544e-002  1,48413e+000  4,19158e+002  2,50000e+001  2,40693e+004  3,93860e+002  2,40725e+004  1,63636e-002  4,15355e-005  6,79670e-007  4,15411e-005
             7  2,23117e+001  9,60000e+001  3,60000e+001  1,01560e+000  1,27236e+001  2,55833e-002  1,48084e+000  4,19302e+002  2,50000e+001  2,35380e+004  4,06692e+002  2,35415e+004  1,72781e-002  4,24718e-005  7,33830e-007  4,24781e-005
             8  2,23725e+001  1,03000e+002  4,10000e+001  1,00713e+000  1,27530e+001  2,68721e-002  1,48448e+000  4,19216e+002  2,50000e+001  2,32751e+004  4,03343e+002  2,32786e+004  1,73293e-002  4,29515e-005  7,44321e-007  4,29579e-005
             9  2,23523e+001  1,08000e+002  4,60000e+001  1,00073e+000  1,27608e+001  2,85747e-002  1,48525e+000  4,19200e+002  2,50000e+001  2,31025e+004  4,11473e+002  2,31062e+004  1,78108e-002  4,32717e-005  7,70702e-007  4,32785e-005
            10  2,23343e+001  1,17000e+002  5,10000e+001  1,00352e+000  1,28336e+001  2,99746e-002  1,48560e+000  4,19232e+002  2,50000e+001  2,30282e+004  4,14085e+002  2,30319e+004  1,79816e-002  4,34110e-005  7,80601e-007  4,34180e-005
            11  2,23604e+001  1,20000e+002  5,60000e+001  1,00267e+000  1,28193e+001  3,17629e-002  1,48779e+000  4,19281e+002  2,50000e+001  2,30282e+004  4,27316e+002  2,30321e+004  1,85562e-002  4,34101e-005  8,05527e-007  4,34176e-005
            12  2,23201e+001  1,32000e+002  6,10000e+001  1,00131e+000  1,27861e+001  3,33979e-002  1,48956e+000  4,19330e+002  2,50000e+001  2,30509e+004  4,37347e+002  2,30550e+004  1,89731e-002  4,33666e-005  8,22800e-007  4,33744e-005
            13  2,23056e+001  1,39000e+002  6,60000e+001  1,00680e+000  1,28404e+001  3,44868e-002  1,49086e+000  4,19385e+002  2,50000e+001  2,30734e+004  4,34368e+002  2,30775e+004  1,88255e-002  4,33245e-005  8,15605e-007  4,33322e-005
            14  2,22930e+001  1,42000e+002  7,10000e+001  9,98759e-001  1,27232e+001  3,55294e-002  1,49196e+000  4,19428e+002  2,50000e+001  2,30934e+004  4,30234e+002  2,30975e+004  1,86301e-002  4,32873e-005  8,06448e-007  4,32948e-005
            15  2,22766e+001  1,53000e+002  7,60000e+001  1,00518e+000  1,27898e+001  3,62235e-002  1,49231e+000  4,19474e+002  2,50000e+001  2,31138e+004  4,17774e+002  2,31175e+004  1,80747e-002  4,32501e-005  7,81733e-007  4,32572e-005
            16  2,22614e+001  1,62000e+002  8,10000e+001  1,00906e+000  1,28227e+001  3,72924e-002  1,49257e+000  4,19530e+002  2,50000e+001  2,31360e+004  4,14299e+002  2,31397e+004  1,79071e-002  4,32088e-005  7,73745e-007  4,32158e-005
            17  2,22584e+001  1,71000e+002  8,60000e+001  1,00062e+000  1,26979e+001  3,77298e-002  1,49361e+000  4,19603e+002  2,50000e+001  2,31602e+004  3,95733e+002  2,31636e+004  1,70868e-002  4,31650e-005  7,37551e-007  4,31713e-005
            18  2,22543e+001  1,74000e+002  9,10000e+001  1,00663e+000  1,27581e+001  3,91920e-002  1,49591e+000  4,19677e+002  2,50000e+001  2,31803e+004  4,01632e+002  2,31838e+004  1,73264e-002  4,31271e-005  7,47237e-007  4,31335e-005
            19  2,22547e+001  1,87000e+002  9,60000e+001  9,89886e-001  1,25324e+001  4,07802e-002  1,49905e+000  4,19712e+002  2,50000e+001  2,31955e+004  4,10481e+002  2,31992e+004  1,76966e-002  4,30983e-005  7,62692e-007  4,31050e-005
            20  2,22453e+001  2,01000e+002  1,01000e+002  9,89677e-001  1,25187e+001  4,20597e-002  1,50317e+000  4,19697e+002  2,50000e+001  2,32058e+004  4,11850e+002  2,32095e+004  1,77477e-002  4,30791e-005  7,64556e-007  4,30859e-005
CFRP_f1_100_5_1N, 17.04.2021 12:06:42
