         Index            Ts             t             f             F             x         Phase            F0            x0            Tr            M'            M"            M*     tan_delta            C'            C"            C*
           [#]          [°C]           [s]          [Hz]           [N]          [um]         [rad]           [N]          [um]          [°C]         [MPa]         [MPa]         [MPa]            []       [1/MPa]       [1/MPa]       [1/MPa]
             0  2,31088e+001  1,80000e+001  9,99999e-001  8,60000e-001  1,27914e+001  1,93722e-002  1,44500e+000  3,57085e+002  2,50000e+001  1,97305e+004  3,88196e+002  1,97343e+004  1,96749e-002  5,06633e-005  9,96797e-007  5,06731e-005
             1  2,31045e+001  2,60000e+001  6,00000e+000  5,33257e-001  7,94237e+000  1,77793e-002  1,44031e+000  3,57022e+002  2,50000e+001  1,97035e+004  3,30406e+002  1,97063e+004  1,67688e-002  5,07380e-005  8,50818e-007  5,07452e-005
             2  2,30977e+001  3,70000e+001  1,10000e+001  1,00217e+000  1,49600e+001  1,74158e-002  1,44002e+000  3,57359e+002  2,50000e+001  1,96576e+004  2,97316e+002  1,96599e+004  1,51247e-002  5,08591e-005  7,69229e-007  5,08650e-005
             3  2,30877e+001  4,00000e+001  1,60000e+001  1,00111e+000  1,49527e+001  1,78589e-002  1,43930e+000  3,57459e+002  2,50000e+001  1,96452e+004  2,81148e+002  1,96472e+004  1,43113e-002  5,08927e-005  7,28339e-007  5,08979e-005
             4  2,30686e+001  4,90000e+001  2,10000e+001  1,00554e+000  1,50142e+001  1,91585e-002  1,43980e+000  3,57507e+002  2,50000e+001  1,96496e+004  2,82549e+002  1,96516e+004  1,43794e-002  5,08811e-005  7,31639e-007  5,08864e-005
             5  2,30593e+001  5,20000e+001  2,60000e+001  9,99523e-001  1,49389e+001  1,96910e-002  1,44019e+000  3,57578e+002  2,50000e+001  1,96280e+004  2,68078e+002  1,96299e+004  1,36579e-002  5,09380e-005  6,95706e-007  5,09428e-005
             6  2,30721e+001  5,80000e+001  3,10000e+001  1,00540e+000  1,50279e+001  2,10582e-002  1,43934e+000  3,57688e+002  2,50000e+001  1,96239e+004  2,70723e+002  1,96258e+004  1,37956e-002  5,09486e-005  7,02866e-007  5,09535e-005
             7  2,30741e+001  6,10000e+001  3,60000e+001  1,00342e+000  1,49926e+001  2,27971e-002  1,43827e+000  3,57717e+002  2,50000e+001  1,96281e+004  2,80995e+002  1,96301e+004  1,43159e-002  5,09368e-005  7,29208e-007  5,09421e-005
             8  2,30630e+001  6,80000e+001  4,10000e+001  1,00001e+000  1,49406e+001  2,47163e-002  1,43792e+000  3,57710e+002  2,50000e+001  1,96258e+004  2,94815e+002  1,96280e+004  1,50218e-002  5,09419e-005  7,65239e-007  5,09476e-005
             9  2,30645e+001  7,00000e+001  4,60000e+001  9,95375e-001  1,48688e+001  2,67600e-002  1,43773e+000  3,57749e+002  2,50000e+001  1,96250e+004  3,11174e+002  1,96274e+004  1,58560e-002  5,09427e-005  8,07749e-007  5,09491e-005
            10  2,30519e+001  7,70000e+001  5,10000e+001  1,00418e+000  1,50034e+001  2,87457e-002  1,43843e+000  3,57826e+002  2,50000e+001  1,96161e+004  3,26225e+002  1,96188e+004  1,66305e-002  5,09644e-005  8,47562e-007  5,09714e-005
            11  2,30621e+001  8,00000e+001  5,60000e+001  1,00418e+000  1,50053e+001  3,07992e-002  1,43981e+000  3,57926e+002  2,50000e+001  1,96082e+004  3,42654e+002  1,96112e+004  1,74750e-002  5,09834e-005  8,90934e-007  5,09912e-005
            12  2,30784e+001  8,90000e+001  6,10000e+001  1,00431e+000  1,50122e+001  3,24211e-002  1,44054e+000  3,58014e+002  2,50000e+001  1,95959e+004  3,50285e+002  1,95990e+004  1,78754e-002  5,10148e-005  9,11910e-007  5,10229e-005
            13  2,30621e+001  9,80000e+001  6,60000e+001  1,00715e+000  1,50682e+001  3,43236e-002  1,43977e+000  3,58109e+002  2,50000e+001  1,95717e+004  3,63337e+002  1,95751e+004  1,85644e-002  5,10766e-005  9,48206e-007  5,10854e-005
            14  2,30536e+001  1,07000e+002  7,10000e+001  1,00587e+000  1,50735e+001  3,64059e-002  1,43899e+000  3,58267e+002  2,50000e+001  1,95324e+004  3,79675e+002  1,95361e+004  1,94382e-002  5,11777e-005  9,94803e-007  5,11873e-005
            15  2,30532e+001  1,12000e+002  7,60000e+001  1,00160e+000  1,50465e+001  3,94396e-002  1,44011e+000  3,58444e+002  2,50000e+001  1,94755e+004  4,14646e+002  1,94799e+004  2,12907e-002  5,13233e-005  1,09271e-006  5,13350e-005
            16  2,30538e+001  1,24000e+002  8,10000e+001  1,00037e+000  1,51024e+001  4,35210e-002  1,44212e+000  3,58570e+002  2,50000e+001  1,93681e+004  4,69086e+002  1,93738e+004  2,42195e-002  5,16010e-005  1,24975e-006  5,16161e-005
            17  2,30517e+001  1,31000e+002  8,60000e+001  9,96312e-001  1,50978e+001  4,79044e-002  1,44293e+000  3,58687e+002  2,50000e+001  1,92841e+004  5,29535e+002  1,92914e+004  2,74597e-002  5,18171e-005  1,42288e-006  5,18367e-005
            18  2,30597e+001  1,43000e+002  9,10000e+001  1,02935e+000  1,56645e+001  5,35251e-002  1,44333e+000  3,58797e+002  2,50000e+001  1,91899e+004  6,13555e+002  1,91997e+004  3,19728e-002  5,20576e-005  1,66443e-006  5,20842e-005
            19  2,30593e+001  1,46000e+002  9,60000e+001  1,01898e+000  1,55938e+001  5,99791e-002  1,44373e+000  3,58877e+002  2,50000e+001  1,90675e+004  7,12033e+002  1,90808e+004  3,73427e-002  5,23722e-005  1,95572e-006  5,24087e-005
            20  2,30569e+001  1,60000e+002  1,01000e+002  1,05235e+000  1,62141e+001  6,43461e-002  1,44573e+000  3,58885e+002  2,50000e+001  1,89238e+004  7,67616e+002  1,89393e+004  4,05635e-002  5,27567e-005  2,14000e-006  5,28001e-005
CFRP_f1_100_5_1N, 17.04.2021 13:40:35
