         Index            Ts             t             f             F             x         Phase            F0            x0            Tr            M'            M"            M*     tan_delta            C'            C"            C*
           [#]          [°C]           [s]          [Hz]           [N]          [um]         [rad]           [N]          [um]          [°C]         [MPa]         [MPa]         [MPa]            []       [1/MPa]       [1/MPa]       [1/MPa]
             0  2,29946e+001  2,10000e+001  9,99999e-001  5,00000e-003  1,00783e+002  8,34395e-002  0,00000e+000  1,83810e+002  2,50000e+001  1,41057e+001  1,17618e+000  1,41547e+001  8,33829e-002  7,04037e-002  5,87047e-003  7,06480e-002
             1  2,29380e+001  3,90000e+001  6,00000e+000  4,67317e-002  2,85093e+001  5,97455e-002  1,53125e-001  2,69911e+002  2,50000e+001  4,67180e+002  2,72695e+001  4,67975e+002  5,83705e-002  2,13323e-003  1,24518e-004  2,13686e-003
             2  2,29263e+001  5,70000e+001  1,10000e+001  1,28927e-001  1,56985e+001  1,95859e-001  3,77828e-001  2,94974e+002  2,50000e+001  2,30687e+003  4,52763e+002  2,35088e+003  1,96267e-001  4,17409e-004  8,19237e-005  4,25372e-004
             3  2,29302e+001  6,20000e+001  1,60000e+001  1,44950e+000  9,81263e+001  2,27637e-001  5,60275e-001  3,08139e+002  2,50000e+001  4,13249e+003  9,46097e+002  4,23940e+003  2,28941e-001  2,29933e-004  5,26412e-005  2,35882e-004
             4  2,29472e+001  8,00000e+001  2,10000e+001  7,98887e-001  3,97989e+001  2,31526e-001  1,01292e+000  3,28475e+002  2,50000e+001  5,62309e+003  1,30615e+003  5,77280e+003  2,32284e-001  1,68734e-004  3,91941e-005  1,73226e-004
             5  2,29463e+001  8,40000e+001  2,60000e+001  2,53460e+000  7,11988e+001  1,31461e-001  1,30607e+000  3,48006e+002  2,50000e+001  1,02220e+004  1,30442e+003  1,03049e+004  1,27609e-001  9,62602e-005  1,22836e-005  9,70408e-005
             6  2,30430e+001  1,02000e+002  3,10000e+001  9,58665e-001  1,77518e+001  8,46888e-002  1,57658e+000  3,61195e+002  2,50000e+001  1,57049e+004  1,24029e+003  1,57538e+004  7,89748e-002  6,32796e-005  4,99749e-006  6,34766e-005
             7  2,30052e+001  1,14000e+002  3,60000e+001  1,89700e+000  2,86773e+001  3,59419e-002  1,81025e+000  3,68450e+002  2,50000e+001  1,93880e+004  5,39653e+002  1,93955e+004  2,78343e-002  5,15383e-005  1,43453e-006  5,15582e-005
             8  2,29969e+001  1,17000e+002  4,10000e+001  1,92255e+000  2,50492e+001  1,56106e-002  2,01999e+000  3,76477e+002  2,50000e+001  2,26021e+004  1,28334e+002  2,26024e+004  5,67800e-003  4,42423e-005  2,51208e-007  4,42430e-005
             9  2,29710e+001  1,28000e+002  4,60000e+001  2,00605e+000  2,41582e+001  9,91322e-003  2,19844e+000  3,82988e+002  2,50000e+001  2,45151e+004 -3,64064e+001  2,45151e+004 -1,48506e-003  4,07912e-005 -6,05775e-008  4,07912e-005
            10  2,29721e+001  1,31000e+002  5,10000e+001  2,02737e+000  2,36645e+001  1,92013e-002  2,35824e+000  3,89398e+002  2,50000e+001  2,53147e+004  1,73821e+002  2,53153e+004  6,86641e-003  3,95008e-005  2,71229e-007  3,95018e-005
            11  2,30034e+001  1,41000e+002  5,60000e+001  2,03580e+000  2,36730e+001  2,53167e-002  2,48442e+000  3,93293e+002  2,50000e+001  2,54067e+004  3,03144e+002  2,54085e+004  1,19317e-002  3,93542e-005  4,69561e-007  3,93570e-005
            12  2,30289e+001  1,44000e+002  6,10000e+001  2,01902e+000  2,36612e+001  2,88780e-002  2,51099e+000  3,94099e+002  2,50000e+001  2,51949e+004  3,61372e+002  2,51974e+004  1,43431e-002  3,96825e-005  5,69169e-007  3,96866e-005
            13  2,30597e+001  1,53000e+002  6,60000e+001  2,01645e+000  2,38280e+001  3,03807e-002  2,49702e+000  3,94098e+002  2,50000e+001  2,49713e+004  3,65053e+002  2,49739e+004  1,46189e-002  4,00375e-005  5,85305e-007  4,00418e-005
            14  2,31080e+001  1,62000e+002  7,10000e+001  2,00969e+000  2,38471e+001  3,18651e-002  2,48307e+000  3,94072e+002  2,50000e+001  2,48555e+004  3,69805e+002  2,48583e+004  1,48782e-002  4,02236e-005  5,98455e-007  4,02281e-005
            15  2,30436e+001  1,71000e+002  7,60000e+001  2,01271e+000  2,39126e+001  3,33031e-002  2,46891e+000  3,94005e+002  2,50000e+001  2,48147e+004  3,74479e+002  2,48175e+004  1,50910e-002  4,02895e-005  6,08010e-007  4,02941e-005
            16  2,30260e+001  1,74000e+002  8,10000e+001  1,99404e+000  2,36814e+001  3,46300e-002  2,45954e+000  3,94023e+002  2,50000e+001  2,48156e+004  3,76946e+002  2,48184e+004  1,51899e-002  4,02880e-005  6,11971e-007  4,02927e-005
            17  2,29719e+001  1,85000e+002  8,60000e+001  2,04344e+000  2,42326e+001  3,60529e-002  2,45259e+000  3,94072e+002  2,50000e+001  2,48432e+004  3,82317e+002  2,48462e+004  1,53892e-002  4,02429e-005  6,19305e-007  4,02476e-005
            18  2,29375e+001  1,95000e+002  9,10000e+001  2,04567e+000  2,42246e+001  3,72690e-002  2,44401e+000  3,94104e+002  2,50000e+001  2,48693e+004  3,82350e+002  2,48722e+004  1,53744e-002  4,02007e-005  6,18060e-007  4,02055e-005
            19  2,29132e+001  2,03000e+002  9,60000e+001  2,03818e+000  2,41043e+001  3,83346e-002  2,43186e+000  3,94097e+002  2,50000e+001  2,48920e+004  3,78452e+002  2,48948e+004  1,52038e-002  4,01643e-005  6,10650e-007  4,01690e-005
            20  2,28986e+001  2,07000e+002  1,01000e+002  1,99291e+000  2,35377e+001  3,89229e-002  2,41779e+000  3,94019e+002  2,50000e+001  2,49145e+004  3,62228e+002  2,49172e+004  1,45388e-002  4,01287e-005  5,83425e-007  4,01330e-005
CFRP_f1_100_5_2N, 17.04.2021 14:23:25
