         Index            Ts             t             f             F             x         Phase            F0            x0            Tr            M'            M"            M*     tan_delta            C'            C"            C*
           [#]          [°C]           [s]          [Hz]           [N]          [um]         [rad]           [N]          [um]          [°C]         [MPa]         [MPa]         [MPa]            []       [1/MPa]       [1/MPa]       [1/MPa]
             0  2,30742e+001  2,00000e+001  9,99999e-001  7,50000e-002  9,12619e+001  5,80255e-002  0,00000e+000  2,45462e+002  2,50000e+001  2,34155e+002  1,35480e+001  2,34547e+002  5,78590e-002  4,25642e-003  2,46272e-004  4,26354e-003
             1  2,30462e+001  3,80000e+001  6,00000e+000  2,08761e-001  1,63839e+001  4,21166e-002  3,56250e-001  2,98612e+002  2,50000e+001  3,65159e+003  1,49260e+002  3,65464e+003  4,08752e-002  2,73396e-004  1,11751e-005  2,73624e-004
             2  2,30301e+001  5,60000e+001  1,10000e+001  2,52610e-001  8,74343e+000  1,34648e-001  1,12311e+000  3,21862e+002  2,50000e+001  8,26764e+003  1,11063e+003  8,34190e+003  1,34335e-001  1,18809e-004  1,59603e-005  1,19877e-004
             3  2,30507e+001  7,90000e+001  1,60000e+001  2,81517e+000  6,14269e+001  1,08065e-001  2,01528e+000  3,44360e+002  2,50000e+001  1,32519e+004  1,41185e+003  1,33269e+004  1,06540e-001  7,46141e-005  7,94937e-006  7,50364e-005
             4  2,30553e+001  1,01000e+002  2,10000e+001  2,04042e+000  3,14355e+001  2,11211e-002  2,70058e+000  3,60437e+002  2,50000e+001  1,90266e+004  3,11738e+002  1,90291e+004  1,63844e-002  5,25440e-005  8,60900e-007  5,25511e-005
             5  2,30557e+001  1,04000e+002  2,60000e+001  2,00960e+000  2,52770e+001  2,17671e-002  3,25210e+000  3,76301e+002  2,50000e+001  2,34489e+004  3,72361e+002  2,34519e+004  1,58797e-002  4,26351e-005  6,77032e-007  4,26405e-005
             6  2,30262e+001  1,24000e+002  3,10000e+001  2,02179e+000  2,31168e+001  2,19859e-002  3,76940e+000  3,88004e+002  2,50000e+001  2,58812e+004  3,85141e+002  2,58841e+004  1,48811e-002  3,86295e-005  5,74850e-007  3,86338e-005
             7  2,30246e+001  1,28000e+002  3,60000e+001  2,01462e+000  2,31871e+001  2,45467e-002  4,23070e+000  3,96815e+002  2,50000e+001  2,57001e+004  4,17756e+002  2,57035e+004  1,62550e-002  3,89001e-005  6,32322e-007  3,89052e-005
             8  2,30305e+001  1,33000e+002  4,10000e+001  2,00906e+000  2,30622e+001  2,71985e-002  4,61664e+000  4,05357e+002  2,50000e+001  2,57651e+004  4,56790e+002  2,57691e+004  1,77290e-002  3,88000e-005  6,87887e-007  3,88061e-005
             9  2,30335e+001  1,37000e+002  4,60000e+001  2,01333e+000  2,31492e+001  2,89932e-002  4,84141e+000  4,09796e+002  2,50000e+001  2,57157e+004  4,70876e+002  2,57200e+004  1,83108e-002  3,88737e-005  7,11810e-007  3,88802e-005
            10  2,30370e+001  1,43000e+002  5,10000e+001  2,00988e+000  2,31453e+001  3,05666e-002  4,97483e+000  4,11795e+002  2,50000e+001  2,56684e+004  4,79053e+002  2,56728e+004  1,86632e-002  3,89449e-005  7,26835e-007  3,89517e-005
            11  2,30314e+001  1,47000e+002  5,60000e+001  2,00340e+000  2,30889e+001  3,18949e-002  5,00104e+000  4,12328e+002  2,50000e+001  2,56407e+004  4,81064e+002  2,56452e+004  1,87617e-002  3,89868e-005  7,31459e-007  3,89936e-005
            12  2,30305e+001  1,60000e+002  6,10000e+001  2,01315e+000  2,32006e+001  3,32166e-002  4,97904e+000  4,12191e+002  2,50000e+001  2,56341e+004  4,83311e+002  2,56387e+004  1,88542e-002  3,89967e-005  7,35252e-007  3,90036e-005
            13  2,30196e+001  1,67000e+002  6,60000e+001  2,01266e+000  2,31814e+001  3,46221e-002  4,95779e+000  4,12062e+002  2,50000e+001  2,56418e+004  4,88072e+002  2,56465e+004  1,90342e-002  3,89846e-005  7,42041e-007  3,89917e-005
            14  2,30498e+001  1,72000e+002  7,10000e+001  2,01234e+000  2,31553e+001  3,62023e-002  4,93726e+000  4,11938e+002  2,50000e+001  2,56589e+004  4,97682e+002  2,56638e+004  1,93961e-002  3,89581e-005  7,55634e-007  3,89655e-005
            15  2,31124e+001  1,79000e+002  7,60000e+001  2,02633e+000  2,32852e+001  3,78657e-002  4,91894e+000  4,11824e+002  2,50000e+001  2,56852e+004  5,09717e+002  2,56902e+004  1,98448e-002  3,89177e-005  7,72314e-007  3,89253e-005
            16  2,31505e+001  1,88000e+002  8,10000e+001  2,01812e+000  2,31433e+001  3,97472e-002  4,90466e+000  4,11762e+002  2,50000e+001  2,57299e+004  5,27997e+002  2,57353e+004  2,05208e-002  3,88489e-005  7,97210e-007  3,88571e-005
            17  2,31022e+001  1,97000e+002  8,60000e+001  2,00010e+000  2,28903e+001  4,14793e-002  4,89810e+000  4,11797e+002  2,50000e+001  2,57733e+004  5,42319e+002  2,57790e+004  2,10419e-002  3,87827e-005  8,16060e-007  3,87912e-005
            18  2,30798e+001  2,02000e+002  9,10000e+001  2,00512e+000  2,28992e+001  4,28843e-002  4,89704e+000  4,11896e+002  2,50000e+001  2,58189e+004  5,47980e+002  2,58248e+004  2,12239e-002  3,87138e-005  8,21660e-007  3,87225e-005
            19  2,30548e+001  2,11000e+002  9,60000e+001  1,99583e+000  2,27445e+001  4,43779e-002  4,90023e+000  4,12033e+002  2,50000e+001  2,58645e+004  5,56045e+002  2,58704e+004  2,14984e-002  3,86452e-005  8,30811e-007  3,86541e-005
            20  2,30398e+001  2,21000e+002  1,01000e+002  2,00890e+000  2,28498e+001  4,55613e-002  4,90749e+000  4,12199e+002  2,50000e+001  2,59034e+004  5,55652e+002  2,59094e+004  2,14509e-002  3,85871e-005  8,27728e-007  3,85960e-005
CFRP_f1_100_5_2N, 17.04.2021 13:56:52
