         Index            Ts             t             f             F             x         Phase            F0            x0            Tr            M'            M"            M*     tan_delta            C'            C"            C*
           [#]          [°C]           [s]          [Hz]           [N]          [um]         [rad]           [N]          [um]          [°C]         [MPa]         [MPa]         [MPa]            []       [1/MPa]       [1/MPa]       [1/MPa]
             0  2,30673e+001  1,70000e+001  9,99999e-001  8,60000e-001  1,27545e+001  2,00087e-002  1,44500e+000  3,57782e+002  2,50000e+001  1,97891e+004  4,02346e+002  1,97932e+004  2,03317e-002  5,05121e-005  1,02700e-006  5,05225e-005
             1  2,30727e+001  2,60000e+001  6,00000e+000  5,34583e-001  7,89285e+000  1,98498e-002  1,44656e+000  3,56695e+002  2,50000e+001  1,98807e+004  3,75830e+002  1,98843e+004  1,89043e-002  5,02820e-005  9,50546e-007  5,02910e-005
             2  2,30880e+001  3,50000e+001  1,10000e+001  5,33081e-001  7,90808e+000  1,91455e-002  1,45189e+000  3,56935e+002  2,50000e+001  1,97839e+004  3,34496e+002  1,97867e+004  1,69075e-002  5,05317e-005  8,54366e-007  5,05390e-005
             3  2,31004e+001  3,90000e+001  1,60000e+001  1,00120e+000  1,48720e+001  1,90569e-002  1,45204e+000  3,57065e+002  2,50000e+001  1,97564e+004  3,07139e+002  1,97587e+004  1,55463e-002  5,06044e-005  7,86712e-007  5,06105e-005
             4  2,31038e+001  4,80000e+001  2,10000e+001  1,00730e+000  1,49794e+001  1,88075e-002  1,45215e+000  3,57146e+002  2,50000e+001  1,97323e+004  2,76645e+002  1,97342e+004  1,40200e-002  5,06685e-005  7,10369e-007  5,06734e-005
             5  2,31071e+001  5,10000e+001  2,60000e+001  1,00464e+000  1,49502e+001  1,99127e-002  1,45365e+000  3,57192e+002  2,50000e+001  1,97160e+004  2,73809e+002  1,97179e+004  1,38877e-002  5,07105e-005  7,04250e-007  5,07153e-005
             6  2,31123e+001  5,90000e+001  3,10000e+001  1,00530e+000  1,49656e+001  2,10769e-002  1,45456e+000  3,57287e+002  2,50000e+001  1,97060e+004  2,72266e+002  1,97079e+004  1,38164e-002  5,07363e-005  7,00992e-007  5,07411e-005
             7  2,31236e+001  6,20000e+001  3,60000e+001  1,00448e+000  1,49535e+001  2,26101e-002  1,45482e+000  3,57462e+002  2,50000e+001  1,97025e+004  2,78299e+002  1,97044e+004  1,41251e-002  5,07449e-005  7,16776e-007  5,07500e-005
             8  2,31317e+001  7,10000e+001  4,10000e+001  1,00434e+000  1,49559e+001  2,43924e-002  1,45496e+000  3,57539e+002  2,50000e+001  1,96927e+004  2,89286e+002  1,96948e+004  1,46900e-002  5,07693e-005  7,45802e-007  5,07748e-005
             9  2,31286e+001  7,40000e+001  4,60000e+001  1,00397e+000  1,49478e+001  2,62460e-002  1,45413e+000  3,57569e+002  2,50000e+001  1,96918e+004  3,01848e+002  1,96941e+004  1,53287e-002  5,07707e-005  7,78247e-007  5,07767e-005
            10  2,31143e+001  8,00000e+001  5,10000e+001  1,00045e+000  1,48970e+001  2,82930e-002  1,45366e+000  3,57620e+002  2,50000e+001  1,96849e+004  3,18231e+002  1,96875e+004  1,61663e-002  5,07871e-005  8,21039e-007  5,07938e-005
            11  2,31110e+001  8,40000e+001  5,60000e+001  1,00533e+000  1,49680e+001  3,02600e-002  1,45544e+000  3,57694e+002  2,50000e+001  1,96818e+004  3,33054e+002  1,96846e+004  1,69219e-002  5,07937e-005  8,59526e-007  5,08010e-005
            12  2,31097e+001  9,20000e+001  6,10000e+001  9,95895e-001  1,48310e+001  3,21643e-002  1,45758e+000  3,57757e+002  2,50000e+001  1,96714e+004  3,46473e+002  1,96745e+004  1,76130e-002  5,08194e-005  8,95083e-007  5,08273e-005
            13  2,31108e+001  9,90000e+001  6,60000e+001  1,00274e+000  1,49463e+001  3,36432e-002  1,45788e+000  3,57786e+002  2,50000e+001  1,96472e+004  3,51023e+002  1,96504e+004  1,78663e-002  5,08815e-005  9,09064e-007  5,08896e-005
            14  2,31119e+001  1,04000e+002  7,10000e+001  1,01029e+000  1,50843e+001  3,52039e-002  1,45787e+000  3,57792e+002  2,50000e+001  1,96068e+004  3,56911e+002  1,96100e+004  1,82034e-002  5,09859e-005  9,28119e-007  5,09943e-005
            15  2,31154e+001  1,13000e+002  7,60000e+001  9,91923e-001  1,48506e+001  3,68785e-002  1,45860e+000  3,57828e+002  2,50000e+001  1,95447e+004  3,64654e+002  1,95481e+004  1,86575e-002  5,11470e-005  9,54274e-007  5,11559e-005
            16  2,31014e+001  1,25000e+002  8,10000e+001  1,00006e+000  1,50551e+001  4,20601e-002  1,45828e+000  3,57866e+002  2,50000e+001  1,94252e+004  4,41307e+002  1,94303e+004  2,27182e-002  5,14528e-005  1,16892e-006  5,14661e-005
            17  2,31047e+001  1,32000e+002  8,60000e+001  1,01990e+000  1,54155e+001  4,75223e-002  1,45703e+000  3,57902e+002  2,50000e+001  1,93356e+004  5,23385e+002  1,93427e+004  2,70685e-002  5,16803e-005  1,39891e-006  5,16992e-005
            18  2,30999e+001  1,37000e+002  9,10000e+001  1,01104e+000  1,53555e+001  5,58986e-002  1,45596e+000  3,57933e+002  2,50000e+001  1,92272e+004  6,61752e+002  1,92386e+004  3,44175e-002  5,19480e-005  1,78792e-006  5,19788e-005
            19  2,31071e+001  1,47000e+002  9,60000e+001  1,03552e+000  1,58318e+001  6,61933e-002  1,45300e+000  3,57942e+002  2,50000e+001  1,90812e+004  8,34641e+002  1,90994e+004  4,37416e-002  5,23076e-005  2,28802e-006  5,23576e-005
            20  2,31036e+001  1,56000e+002  1,01000e+002  1,00231e+000  1,54421e+001  7,52530e-002  1,44789e+000  3,57956e+002  2,50000e+001  1,89149e+004  9,79713e+002  1,89403e+004  5,17957e-002  5,27268e-005  2,73102e-006  5,27975e-005
CFRP_f1_100_5_1N, 17.04.2021 13:35:49
