         Index            Ts             t             f             F             x         Phase            F0            x0            Tr            M'            M"            M*     tan_delta            C'            C"            C*
           [#]          [°C]           [s]          [Hz]           [N]          [um]         [rad]           [N]          [um]          [°C]         [MPa]         [MPa]         [MPa]            []       [1/MPa]       [1/MPa]       [1/MPa]
             0  2,18936e+001  2,00000e+001  9,99999e-001  2,50000e-002  9,78666e+001  5,66721e-002  0,00000e+000  2,52742e+002  2,50000e+001  3,30483e+002  1,86683e+001  3,31010e+002  5,64879e-002  3,01625e-003  1,70382e-004  3,02106e-003
             1  2,18686e+001  3,80000e+001  6,00000e+000  1,52492e-001  3,16347e+001  5,29564e-002  2,56250e-001  3,17019e+002  2,50000e+001  6,25085e+003  3,22762e+002  6,25918e+003  5,16349e-002  1,59553e-004  8,23849e-006  1,59765e-004
             2  2,19321e+001  5,60000e+001  1,10000e+001  2,33398e-001  1,60970e+001  4,74872e-002  5,22086e-001  3,46482e+002  2,50000e+001  1,88911e+004  8,52033e+002  1,89103e+004  4,51022e-002  5,28274e-005  2,38263e-006  5,28811e-005
             3  2,19745e+001  7,70000e+001  1,60000e+001  1,16909e+000  4,38652e+001  3,51880e-002  8,26782e-001  3,72819e+002  2,50000e+001  3,49355e+004  1,10523e+003  3,49530e+004  3,16362e-002  2,85955e-005  9,04655e-007  2,86098e-005
             4  2,19590e+001  8,20000e+001  2,10000e+001  1,16887e+000  3,30174e+001  3,25611e-002  1,10099e+000  3,98088e+002  2,50000e+001  4,65945e+004  1,29708e+003  4,66126e+004  2,78376e-002  2,14451e-005  5,96981e-007  2,14534e-005
             5  2,19177e+001  1,01000e+002  2,60000e+001  1,01500e+000  3,52681e+001  2,68679e-002  1,35094e+000  4,14032e+002  2,50000e+001  3,77651e+004  7,82833e+002  3,77732e+004  2,07290e-002  2,64681e-005  5,48659e-007  2,64738e-005
             6  2,19188e+001  1,04000e+002  3,10000e+001  1,00432e+000  3,47599e+001  2,56169e-002  1,49469e+000  4,22252e+002  2,50000e+001  3,79131e+004  6,90459e+002  3,79193e+004  1,82116e-002  2,63674e-005  4,80194e-007  2,63718e-005
             7  2,18920e+001  1,13000e+002  3,60000e+001  9,99416e-001  3,45209e+001  2,54273e-002  1,49185e+000  4,22284e+002  2,50000e+001  3,79850e+004  6,36998e+002  3,79903e+004  1,67698e-002  2,63188e-005  4,41360e-007  2,63225e-005
             8  2,18788e+001  1,16000e+002  4,10000e+001  1,00005e+000  3,45101e+001  2,68914e-002  1,49147e+000  4,22366e+002  2,50000e+001  3,80145e+004  6,46403e+002  3,80200e+004  1,70041e-002  2,62982e-005  4,47178e-007  2,63020e-005
             9  2,18614e+001  1,24000e+002  4,60000e+001  9,93895e-001  3,42805e+001  2,70202e-002  1,48466e+000  4,22342e+002  2,50000e+001  3,80267e+004  6,04054e+002  3,80315e+004  1,58850e-002  2,62907e-005  4,17626e-007  2,62940e-005
            10  2,18507e+001  1,28000e+002  5,10000e+001  9,98763e-001  3,44309e+001  2,76230e-002  1,48576e+000  4,22191e+002  2,50000e+001  3,80381e+004  5,79943e+002  3,80425e+004  1,52464e-002  2,62833e-005  4,00726e-007  2,62864e-005
            11  2,18851e+001  1,34000e+002  5,60000e+001  1,01035e+000  3,48244e+001  2,88517e-002  1,48584e+000  4,21887e+002  2,50000e+001  3,80353e+004  5,79748e+002  3,80397e+004  1,52424e-002  2,62853e-005  4,00650e-007  2,62883e-005
            12  2,19869e+001  1,43000e+002  6,10000e+001  1,00568e+000  3,46615e+001  3,02838e-002  1,48355e+000  4,21545e+002  2,50000e+001  3,80268e+004  5,87316e+002  3,80314e+004  1,54448e-002  2,62909e-005  4,06058e-007  2,62941e-005
            13  2,20384e+001  1,46000e+002  6,60000e+001  1,00468e+000  3,46180e+001  3,17198e-002  1,48142e+000  4,21272e+002  2,50000e+001  3,80254e+004  5,95145e+002  3,80300e+004  1,56513e-002  2,62918e-005  4,11500e-007  2,62950e-005
            14  2,19886e+001  1,55000e+002  7,10000e+001  1,00078e+000  3,44696e+001  3,33519e-002  1,48264e+000  4,21104e+002  2,50000e+001  3,80284e+004  6,10619e+002  3,80333e+004  1,60569e-002  2,62893e-005  4,22126e-007  2,62927e-005
            15  2,20227e+001  1,66000e+002  7,60000e+001  1,02229e+000  3,51869e+001  3,49750e-002  1,48415e+000  4,20951e+002  2,50000e+001  3,80408e+004  6,25912e+002  3,80460e+004  1,64537e-002  2,62804e-005  4,32410e-007  2,62840e-005
            16  2,20236e+001  1,75000e+002  8,10000e+001  1,02601e+000  3,52763e+001  3,66982e-002  1,48270e+000  4,20801e+002  2,50000e+001  3,80688e+004  6,45354e+002  3,80743e+004  1,69523e-002  2,62607e-005  4,45178e-007  2,62644e-005
            17  2,20658e+001  1,78000e+002  8,60000e+001  1,02030e+000  3,50466e+001  3,79305e-002  1,48302e+000  4,20671e+002  2,50000e+001  3,80908e+004  6,45773e+002  3,80963e+004  1,69535e-002  2,62455e-005  4,44953e-007  2,62493e-005
            18  2,20430e+001  1,88000e+002  9,10000e+001  1,02526e+000  3,51781e+001  3,90369e-002  1,48334e+000  4,20672e+002  2,50000e+001  3,81177e+004  6,41423e+002  3,81231e+004  1,68274e-002  2,62271e-005  4,41335e-007  2,62308e-005
            19  2,19916e+001  2,00000e+002  9,60000e+001  1,00420e+000  3,44113e+001  4,01636e-002  1,48169e+000  4,20917e+002  2,50000e+001  3,81503e+004  6,37958e+002  3,81556e+004  1,67222e-002  2,62048e-005  4,38203e-007  2,62085e-005
            20  2,19601e+001  2,08000e+002  1,01000e+002  1,00516e+000  3,44071e+001  4,12202e-002  1,47920e+000  4,21310e+002  2,50000e+001  3,81747e+004  6,31650e+002  3,81799e+004  1,65463e-002  2,61882e-005  4,33317e-007  2,61918e-005
cfrp_f1_1-100-5Hz_1N, 18.04.2021 18:17:13
