         Index            Ts             t             f             F             x         Phase            F0            x0            Tr            M'            M"            M*     tan_delta            C'            C"            C*
           [#]          [°C]           [s]          [Hz]           [N]          [um]         [rad]           [N]          [um]          [°C]         [MPa]         [MPa]         [MPa]            []       [1/MPa]       [1/MPa]       [1/MPa]
             0  2,18281e+001  2,10000e+001  9,99999e-001  1,50000e-002  9,87498e+001  6,64842e-002  0,00000e+000  2,53725e+002  2,50000e+001  1,96388e+002  1,30275e+001  1,96820e+002  6,63351e-002  5,06964e-003  3,36295e-004  5,08078e-003
             1  2,18220e+001  4,00000e+001  6,00000e+000  1,30725e-001  3,78816e+001  8,41424e-002  2,43750e-001  3,20501e+002  2,50000e+001  4,46275e+003  3,70326e+002  4,47809e+003  8,29816e-002  2,22545e-004  1,84671e-005  2,23310e-004
             2  2,18972e+001  5,80000e+001  1,10000e+001  2,25318e-001  1,72651e+001  5,01758e-002  5,18070e-001  3,51002e+002  2,50000e+001  1,69898e+004  8,11817e+002  1,70092e+004  4,77827e-002  5,87248e-005  2,80603e-006  5,87918e-005
             3  2,18290e+001  7,90000e+001  1,60000e+001  9,94525e-001  5,45516e+001  3,41421e-002  6,41094e-001  3,67941e+002  2,50000e+001  2,38053e+004  7,25052e+002  2,38163e+004  3,04576e-002  4,19685e-005  1,27826e-006  4,19880e-005
             4  2,18277e+001  8,20000e+001  2,10000e+001  9,02601e-001  4,29756e+001  3,12444e-002  8,26980e-001  3,82923e+002  2,50000e+001  2,74605e+004  7,22819e+002  2,74700e+004  2,63221e-002  3,63907e-005  9,57879e-007  3,64033e-005
             5  2,18277e+001  1,02000e+002  2,60000e+001  9,84010e-001  3,72669e+001  2,84919e-002  9,79920e-001  3,99028e+002  2,50000e+001  3,46090e+004  7,73540e+002  3,46177e+004  2,23508e-002  2,88798e-005  6,45487e-007  2,88870e-005
             6  2,18272e+001  1,05000e+002  3,10000e+001  1,02771e+000  3,47431e+001  2,46663e-002  1,11674e+000  4,10060e+002  2,50000e+001  3,88276e+004  6,69911e+002  3,88334e+004  1,72535e-002  2,57472e-005  4,44228e-007  2,57510e-005
             7  2,18281e+001  1,14000e+002  3,60000e+001  1,00965e+000  3,42427e+001  2,46929e-002  1,21905e+000  4,16421e+002  2,50000e+001  3,86958e+004  6,20267e+002  3,87008e+004  1,60293e-002  2,58359e-005  4,14132e-007  2,58393e-005
             8  2,18263e+001  1,17000e+002  4,10000e+001  1,00911e+000  3,40707e+001  2,61865e-002  1,28984e+000  4,20782e+002  2,50000e+001  3,88653e+004  6,33286e+002  3,88705e+004  1,62944e-002  2,57231e-005  4,19141e-007  2,57265e-005
             9  2,18298e+001  1,26000e+002  4,60000e+001  1,03371e+000  3,49611e+001  2,71117e-002  1,34982e+000  4,24171e+002  2,50000e+001  3,87905e+004  6,19949e+002  3,87955e+004  1,59820e-002  2,57729e-005  4,11902e-007  2,57762e-005
            10  2,18316e+001  1,30000e+002  5,10000e+001  9,96747e-001  3,38160e+001  2,83662e-002  1,40760e+000  4,26370e+002  2,50000e+001  3,86595e+004  6,18677e+002  3,86644e+004  1,60032e-002  2,58603e-005  4,13848e-007  2,58636e-005
            11  2,18220e+001  1,39000e+002  5,60000e+001  7,09054e-001  2,41071e+001  2,94191e-002  1,45743e+000  4,27758e+002  2,50000e+001  3,85663e+004  6,10136e+002  3,85711e+004  1,58204e-002  2,59229e-005  4,10112e-007  2,59261e-005
            12  2,18198e+001  1,44000e+002  6,10000e+001  1,00166e+000  3,41092e+001  3,08294e-002  1,47459e+000  4,27948e+002  2,50000e+001  3,84941e+004  6,15920e+002  3,84990e+004  1,60004e-002  2,59714e-005  4,15551e-007  2,59747e-005
            13  2,18666e+001  1,51000e+002  6,60000e+001  1,01166e+000  3,44850e+001  3,25925e-002  1,47696e+000  4,27619e+002  2,50000e+001  3,84421e+004  6,35767e+002  3,84474e+004  1,65383e-002  2,60060e-005  4,30096e-007  2,60096e-005
            14  2,18409e+001  1,62000e+002  7,10000e+001  1,05182e+000  3,58656e+001  3,46183e-002  1,48020e+000  4,27379e+002  2,50000e+001  3,84166e+004  6,66258e+002  3,84224e+004  1,73430e-002  2,60226e-005  4,51310e-007  2,60265e-005
            15  2,18292e+001  1,72000e+002  7,60000e+001  1,02137e+000  3,48185e+001  3,65156e-002  1,48300e+000  4,27174e+002  2,50000e+001  3,84128e+004  6,92110e+002  3,84190e+004  1,80177e-002  2,60246e-005  4,68903e-007  2,60288e-005
            16  2,18268e+001  1,77000e+002  8,10000e+001  1,01909e+000  3,47212e+001  3,82782e-002  1,48423e+000  4,27158e+002  2,50000e+001  3,84202e+004  7,12934e+002  3,84268e+004  1,85563e-002  2,60190e-005  4,82816e-007  2,60235e-005
            17  2,18472e+001  1,86000e+002  8,60000e+001  1,05079e+000  3,57715e+001  3,94850e-002  1,48471e+000  4,27264e+002  2,50000e+001  3,84375e+004  7,12309e+002  3,84441e+004  1,85316e-002  2,60073e-005  4,81957e-007  2,60118e-005
            18  2,18461e+001  1,95000e+002  9,10000e+001  9,98083e-001  3,39375e+001  4,04308e-002  1,48606e+000  4,27463e+002  2,50000e+001  3,84674e+004  7,01750e+002  3,84738e+004  1,82427e-002  2,59874e-005  4,74081e-007  2,59917e-005
            19  2,19536e+001  2,04000e+002  9,60000e+001  9,98626e-001  3,39176e+001  4,15609e-002  1,48758e+000  4,27745e+002  2,50000e+001  3,84946e+004  6,98328e+002  3,85009e+004  1,81409e-002  2,59691e-005  4,71104e-007  2,59734e-005
            20  2,19296e+001  2,13000e+002  1,01000e+002  9,91137e-001  3,36511e+001  4,25998e-002  1,49112e+000  4,27967e+002  2,50000e+001  3,84911e+004  6,90795e+002  3,84973e+004  1,79469e-002  2,59717e-005  4,66110e-007  2,59759e-005
cfrp_f1_1-100-5Hz_1N, 18.04.2021 18:07:24
