         Index            Ts             t             f             F             x         Phase            F0            x0            Tr            M'            M"            M*     tan_delta            C'            C"            C*
           [#]          [°C]           [s]          [Hz]           [N]          [um]         [rad]           [N]          [um]          [°C]         [MPa]         [MPa]         [MPa]            []       [1/MPa]       [1/MPa]       [1/MPa]
             0  2,20134e+001  8,00000e+000  9,99999e-001  0,00000e+000  1,00277e+002 -4,36733e-001  0,00000e+000  1,52613e+002  2,50000e+001  0,00000e+000  0,00000e+000  0,00000e+000  0,00000e+000  0,00000e+000  0,00000e+000  0,00000e+000
             1  2,20849e+001  2,60000e+001  6,00000e+000  0,00000e+000  4,70180e+001  1,85226e-001  6,71875e-002  2,47597e+002  2,50000e+001  0,00000e+000  0,00000e+000  0,00000e+000  0,00000e+000  0,00000e+000  0,00000e+000  0,00000e+000
             2  2,19799e+001  4,40000e+001  1,10000e+001  2,45000e-001  1,88575e+001  1,02967e-001  2,15680e-001  2,89559e+002  2,50000e+001  1,68463e+004  1,70476e+003  1,69324e+004  1,01195e-001  5,87584e-005  5,94604e-006  5,90585e-005
             3  2,19749e+001  4,80000e+001  1,60000e+001  8,65086e-001  1,06462e+002  2,06118e-001  4,17265e-001  3,18361e+002  2,50000e+001  1,03486e+004  2,12923e+003  1,05653e+004  2,05751e-001  9,27072e-005  1,90746e-005  9,46492e-005
             4  2,19655e+001  6,60000e+001  2,10000e+001  1,98636e-001  1,08036e+001  9,33298e-002  6,60653e-001  3,47368e+002  2,50000e+001  2,39231e+004  2,13226e+003  2,40180e+004  8,91298e-002  4,14711e-005  3,69631e-006  4,16355e-005
             5  2,19038e+001  8,90000e+001  2,60000e+001  9,62530e-001  4,20981e+001  3,24771e-002  8,77969e-001  3,77222e+002  2,50000e+001  2,99166e+004  7,88121e+002  2,99269e+004  2,63440e-002  3,34031e-005  8,79971e-007  3,34147e-005
             6  2,18884e+001  9,20000e+001  3,10000e+001  9,98640e-001  3,76991e+001  3,22178e-002  1,11563e+000  3,99439e+002  2,50000e+001  3,47156e+004  8,63596e+002  3,47263e+004  2,48763e-002  2,87877e-005  7,16132e-007  2,87966e-005
             7  2,19786e+001  1,13000e+002  3,60000e+001  1,00000e+000  3,42328e+001  2,51384e-002  1,36129e+000  4,17611e+002  2,50000e+001  3,83319e+004  6,31665e+002  3,83371e+004  1,64789e-002  2,60809e-005  4,29783e-007  2,60844e-005
             8  2,19679e+001  1,16000e+002  4,10000e+001  9,99741e-001  3,41345e+001  2,62900e-002  1,50500e+000  4,21155e+002  2,50000e+001  3,84267e+004  6,30076e+002  3,84319e+004  1,63968e-002  2,60166e-005  4,26589e-007  2,60201e-005
             9  2,20056e+001  1,25000e+002  4,60000e+001  7,08826e-001  2,42214e+001  2,70646e-002  1,49594e+000  4,20378e+002  2,50000e+001  3,83875e+004  6,11587e+002  3,83924e+004  1,59319e-002  2,60435e-005  4,14924e-007  2,60468e-005
            10  2,19860e+001  1,28000e+002  5,10000e+001  1,01058e+000  3,45322e+001  2,81185e-002  1,49226e+000  4,20109e+002  2,50000e+001  3,83796e+004  6,04498e+002  3,83843e+004  1,57505e-002  2,60491e-005  4,10286e-007  2,60523e-005
            11  2,19455e+001  1,35000e+002  5,60000e+001  1,00554e+000  3,43773e+001  2,82912e-002  1,49021e+000  4,19788e+002  2,50000e+001  3,83507e+004  5,62831e+002  3,83548e+004  1,46759e-002  2,60695e-005  3,82594e-007  2,60723e-005
            12  2,19262e+001  1,40000e+002  6,10000e+001  9,95086e-001  3,40041e+001  2,97499e-002  1,48637e+000  4,19479e+002  2,50000e+001  3,83583e+004  5,71741e+002  3,83626e+004  1,49053e-002  2,60642e-005  3,88493e-007  2,60671e-005
            13  2,20195e+001  1,52000e+002  6,60000e+001  1,01004e+000  3,45000e+001  3,14262e-002  1,48388e+000  4,19249e+002  2,50000e+001  3,83635e+004  5,89092e+002  3,83680e+004  1,53555e-002  2,60603e-005  4,00170e-007  2,60634e-005
            14  2,19429e+001  1,64000e+002  7,10000e+001  1,05045e+000  3,58578e+001  3,32366e-002  1,48166e+000  4,19301e+002  2,50000e+001  3,83754e+004  6,11777e+002  3,83803e+004  1,59419e-002  2,60517e-005  4,15314e-007  2,60550e-005
            15  2,19147e+001  1,71000e+002  7,60000e+001  1,03186e+000  3,51996e+001  3,51313e-002  1,48143e+000  4,19488e+002  2,50000e+001  3,83876e+004  6,37774e+002  3,83929e+004  1,66141e-002  2,60429e-005  4,32679e-007  2,60465e-005
            16  2,19677e+001  1,76000e+002  8,10000e+001  1,00559e+000  3,42806e+001  3,68998e-002  1,48407e+000  4,19740e+002  2,50000e+001  3,83991e+004  6,58876e+002  3,84048e+004  1,71586e-002  2,60346e-005  4,46718e-007  2,60384e-005
            17  2,19412e+001  1,86000e+002  8,60000e+001  9,98252e-001  3,40097e+001  3,81023e-002  1,48684e+000  4,20027e+002  2,50000e+001  3,84079e+004  6,57911e+002  3,84136e+004  1,71296e-002  2,60286e-005  4,45859e-007  2,60325e-005
            18  2,18821e+001  1,95000e+002  9,10000e+001  1,01376e+000  3,45154e+001  3,91891e-002  1,48876e+000  4,20361e+002  2,50000e+001  3,84176e+004  6,52464e+002  3,84231e+004  1,69835e-002  2,60223e-005  4,41949e-007  2,60260e-005
            19  2,18986e+001  2,04000e+002  9,60000e+001  1,03000e+000  3,50479e+001  4,03308e-002  1,49294e+000  4,20836e+002  2,50000e+001  3,84234e+004  6,49100e+002  3,84289e+004  1,68934e-002  2,60184e-005  4,39538e-007  2,60221e-005
            20  2,19268e+001  2,16000e+002  1,01000e+002  1,01043e+000  3,43755e+001  4,12564e-002  1,49825e+000  4,21297e+002  2,50000e+001  3,84130e+004  6,37057e+002  3,84183e+004  1,65844e-002  2,60257e-005  4,31620e-007  2,60292e-005
cfrp_f1_1-100-5Hz_1N, 18.04.2021 18:21:50
