         Index            Ts             t             f             F             x         Phase            F0            x0            Tr            M'            M"            M*     tan_delta            C'            C"            C*
           [#]          [°C]           [s]          [Hz]           [N]          [um]         [rad]           [N]          [um]          [°C]         [MPa]         [MPa]         [MPa]            []       [1/MPa]       [1/MPa]       [1/MPa]
             0  2,18981e+001  2,10000e+001  9,99999e-001  0,00000e+000  1,01242e+002 -2,71220e-001  0,00000e+000  1,21299e+002  2,50000e+001  0,00000e+000  0,00000e+000  0,00000e+000  0,00000e+000  0,00000e+000  0,00000e+000  0,00000e+000
             1  2,18661e+001  3,90000e+001  6,00000e+000  0,00000e+000  4,69240e+001  1,12892e-001  2,50000e-002  2,23173e+002  2,50000e+001  0,00000e+000  0,00000e+000  0,00000e+000  0,00000e+000  0,00000e+000  0,00000e+000  0,00000e+000
             2  2,20492e+001  5,80000e+001  1,10000e+001  1,45000e-001  2,98907e+001  1,66624e-001  1,32687e-001  2,72923e+002  2,50000e+001  6,21380e+003  1,03004e+003  6,29859e+003  1,65767e-001  1,56628e-004  2,59637e-005  1,58766e-004
             3  2,21005e+001  6,10000e+001  1,60000e+001  6,92123e-001  8,14239e+001  1,44814e-001  3,40942e-001  3,04645e+002  2,50000e+001  1,09442e+004  1,55806e+003  1,10545e+004  1,42364e-001  8,95579e-005  1,27498e-005  9,04609e-005
             4  2,19379e+001  7,90000e+001  2,10000e+001  2,27189e-001  1,70775e+001  1,29760e-001  4,71089e-001  3,28864e+002  2,50000e+001  1,72015e+004  2,16738e+003  1,73376e+004  1,25999e-001  5,72258e-005  7,21042e-006  5,76783e-005
             5  2,19359e+001  1,00000e+002  2,60000e+001  1,09101e+000  6,31904e+001  6,95767e-002  6,32419e-001  3,58282e+002  2,50000e+001  2,24946e+004  1,43404e+003  2,25403e+004  6,37506e-002  4,42751e-005  2,82256e-006  4,43650e-005
             6  2,19159e+001  1,05000e+002  3,10000e+001  9,14656e-001  4,51385e+001  6,38304e-002  7,92805e-001  3,81156e+002  2,50000e+001  2,64447e+004  1,50122e+003  2,64873e+004  5,67684e-002  3,76933e-005  2,13979e-006  3,77540e-005
             7  2,18996e+001  1,23000e+002  3,60000e+001  9,52214e-001  3,91398e+001  4,56410e-002  9,48122e-001  3,94474e+002  2,50000e+001  3,18342e+004  1,18393e+003  3,18562e+004  3,71904e-002  3,13694e-005  1,16664e-006  3,13911e-005
             8  2,19292e+001  1,27000e+002  4,10000e+001  9,89857e-001  3,66835e+001  2,66434e-002  1,09302e+000  4,05367e+002  2,50000e+001  3,53652e+004  5,91915e+002  3,53701e+004  1,67372e-002  2,82685e-005  4,73137e-007  2,82725e-005
             9  2,20436e+001  1,41000e+002  4,60000e+001  9,73426e-001  3,43896e+001  2,17140e-002  1,20436e+000  4,12999e+002  2,50000e+001  3,71162e+004  3,89841e+002  3,71183e+004  1,05033e-002  2,69394e-005  2,82952e-007  2,69409e-005
            10  2,19957e+001  1,45000e+002  5,10000e+001  9,94804e-001  3,42628e+001  2,47169e-002  1,28192e+000  4,18119e+002  2,50000e+001  3,80752e+004  4,68358e+002  3,80781e+004  1,23009e-002  2,62598e-005  3,23018e-007  2,62618e-005
            11  2,19333e+001  1,54000e+002  5,60000e+001  7,20915e-001  2,45053e+001  2,81529e-002  1,34965e+000  4,22224e+002  2,50000e+001  3,85751e+004  5,60756e+002  3,85792e+004  1,45367e-002  2,59180e-005  3,76763e-007  2,59207e-005
            12  2,19190e+001  1,57000e+002  6,10000e+001  1,00385e+000  3,40527e+001  3,10256e-002  1,41183e+000  4,25004e+002  2,50000e+001  3,86437e+004  6,26036e+002  3,86488e+004  1,62002e-002  2,58706e-005  4,19109e-007  2,58740e-005
            13  2,18729e+001  1,66000e+002  6,60000e+001  9,93890e-001  3,37915e+001  3,28999e-002  1,46312e+000  4,26925e+002  2,50000e+001  3,85432e+004  6,49478e+002  3,85487e+004  1,68506e-002  2,59375e-005  4,37064e-007  2,59412e-005
            14  2,18455e+001  1,75000e+002  7,10000e+001  1,03922e+000  3,53725e+001  3,50103e-002  1,48203e+000  4,27363e+002  2,50000e+001  3,84861e+004  6,82779e+002  3,84922e+004  1,77409e-002  2,59752e-005  4,60823e-007  2,59793e-005
            15  2,18492e+001  1,86000e+002  7,60000e+001  1,04915e+000  3,57537e+001  3,71703e-002  1,48561e+000  4,27131e+002  2,50000e+001  3,84252e+004  7,17845e+002  3,84319e+004  1,86816e-002  2,60155e-005  4,86013e-007  2,60201e-005
            16  2,18503e+001  1,89000e+002  8,10000e+001  1,02955e+000  3,51501e+001  3,91361e-002  1,48578e+000  4,27088e+002  2,50000e+001  3,83393e+004  7,44761e+002  3,83465e+004  1,94256e-002  2,60731e-005  5,06484e-007  2,60780e-005
            17  2,20149e+001  1,98000e+002  8,60000e+001  1,01475e+000  3,46205e+001  3,99769e-002  1,48588e+000  4,27189e+002  2,50000e+001  3,83519e+004  7,29830e+002  3,83589e+004  1,90298e-002  2,60649e-005  4,96010e-007  2,60696e-005
            18  2,20140e+001  2,08000e+002  9,10000e+001  1,00324e+000  3,41918e+001  4,09948e-002  1,48662e+000  4,27404e+002  2,50000e+001  3,83770e+004  7,22025e+002  3,83838e+004  1,88140e-002  2,60481e-005  4,90068e-007  2,60527e-005
            19  2,19373e+001  2,19000e+002  9,60000e+001  1,04112e+000  3,54459e+001  4,20333e-002  1,48480e+000  4,27706e+002  2,50000e+001  3,84008e+004  7,14996e+002  3,84074e+004  1,86193e-002  2,60321e-005  4,84701e-007  2,60366e-005
            20  2,18860e+001  2,28000e+002  1,01000e+002  1,00993e+000  3,43616e+001  4,28595e-002  1,47993e+000  4,27963e+002  2,50000e+001  3,84084e+004  6,99405e+002  3,84148e+004  1,82097e-002  2,60273e-005  4,73949e-007  2,60316e-005
cfrp_f1_1-100-5Hz_1N, 18.04.2021 18:12:09
