         Index            Ts             t             f             F             x         Phase            F0            x0            Tr            M'            M"            M*     tan_delta            C'            C"            C*
           [#]          [°C]           [s]          [Hz]           [N]          [um]         [rad]           [N]          [um]          [°C]         [MPa]         [MPa]         [MPa]            []       [1/MPa]       [1/MPa]       [1/MPa]
             0  2,29141e+001  1,90000e+001  9,99999e-001  0,00000e+000  1,01787e+002  6,92153e-001  0,00000e+000  2,09634e+002  2,50000e+001  0,00000e+000  0,00000e+000  0,00000e+000  0,00000e+000  0,00000e+000  0,00000e+000  0,00000e+000
             1  2,28674e+001  3,80000e+001  6,00000e+000  0,00000e+000  4,77968e+001  1,36858e+000  0,00000e+000  3,15540e+002  2,50000e+001  0,00000e+000  0,00000e+000  0,00000e+000  0,00000e+000  0,00000e+000  0,00000e+000  0,00000e+000
             2  2,28498e+001  5,60000e+001  1,10000e+001  0,00000e+000  4,64688e+001 -1,43594e+000  0,00000e+000  3,93225e+002  2,50000e+001  0,00000e+000  0,00000e+000  0,00000e+000  0,00000e+000  0,00000e+000  0,00000e+000  0,00000e+000
             3  2,28500e+001  5,90000e+001  1,60000e+001  0,00000e+000  1,00981e+002  4,23314e-002  1,03232e-001  4,84729e+002  2,50000e+001  0,00000e+000  0,00000e+000  0,00000e+000  0,00000e+000  0,00000e+000  0,00000e+000  0,00000e+000
             4  2,28270e+001  7,90000e+001  2,10000e+001  3,50000e-002  9,66156e+001  9,03626e-002  2,36459e-001  5,60940e+002  2,50000e+001  8,41986e+002  7,19058e+001  8,45051e+002  8,54002e-002  1,17907e-003  1,00693e-004  1,18336e-003
             5  2,28230e+001  8,30000e+001  2,60000e+001  1,02142e-001  1,07232e+002  1,26169e-001  3,22185e-001  6,23757e+002  2,50000e+001  2,20632e+003  2,65588e+002  2,22225e+003  1,20376e-001  4,46769e-004  5,37802e-005  4,49994e-004
             6  2,28167e+001  9,50000e+001  3,10000e+001  1,90463e-001  7,99751e+001  5,42591e-002  4,03232e-001  6,78132e+002  2,50000e+001  5,55242e+003  2,59235e+002  5,55846e+003  4,66886e-002  1,79710e-004  8,39041e-006  1,79906e-004
             7  2,28209e+001  1,00000e+002  3,60000e+001  3,86703e-001  1,26566e+002  1,75153e-002  4,83681e-001  7,21035e+002  2,50000e+001  7,13168e+003  6,16527e+001  7,13195e+003  8,64491e-003  1,40209e-004  1,21209e-006  1,40214e-004
             8  2,28224e+001  1,09000e+002  4,10000e+001  2,82921e-001  8,46081e+001  1,61542e-002  5,62405e-001  7,57257e+002  2,50000e+001  7,80484e+003  4,72048e+001  7,80498e+003  6,04815e-003  1,28121e-004  7,74894e-007  1,28123e-004
             9  2,28222e+001  1,12000e+002  4,60000e+001  4,72646e-001  1,08863e+002  1,20684e-002  6,36768e-001  7,84697e+002  2,50000e+001  1,01358e+004  7,32465e+000  1,01358e+004  7,22655e-004  9,86606e-005  7,12975e-008  9,86606e-005
            10  2,28361e+001  1,22000e+002  5,10000e+001  5,02105e-001  1,05288e+002  1,06110e-002  6,98786e-001  8,02770e+002  2,50000e+001  1,11324e+004 -2,19581e+001  1,11325e+004 -1,97244e-003  8,98273e-005 -1,77179e-007  8,98275e-005
            11  2,28313e+001  1,25000e+002  5,60000e+001  5,05417e-001  1,02504e+002  1,33131e-002  7,15776e-001  8,04464e+002  2,50000e+001  1,15081e+004 -5,75690e+000  1,15081e+004 -5,00246e-004  8,68950e-005 -4,34689e-008  8,68950e-005
            12  2,28265e+001  1,34000e+002  6,10000e+001  3,22731e-001  6,52390e+001  1,77375e-002  7,13229e-001  8,01700e+002  2,50000e+001  1,15429e+004  3,11415e+001  1,15429e+004  2,69790e-003  8,66331e-005  2,33728e-007  8,66334e-005
            13  2,28317e+001  1,46000e+002  6,60000e+001  4,77200e-001  9,76051e+001  1,95330e-002  7,10997e-001  8,05180e+002  2,50000e+001  1,14043e+004  3,72033e+001  1,14044e+004  3,26221e-003  8,76853e-005  2,86048e-007  8,76857e-005
            14  2,28270e+001  1,51000e+002  7,10000e+001  4,70619e-001  9,77239e+001  2,26867e-002  7,09536e-001  8,10492e+002  2,50000e+001  1,12294e+004  5,82515e+001  1,12295e+004  5,18743e-003  8,90498e-005  4,61939e-007  8,90510e-005
            15  2,28198e+001  1,60000e+002  7,60000e+001  1,42721e-001  2,99405e+001  2,54609e-002  7,08871e-001  8,15762e+002  2,50000e+001  1,11111e+004  7,48078e+001  1,11113e+004  6,73272e-003  8,99961e-005  6,05918e-007  8,99982e-005
            16  2,28209e+001  1,64000e+002  8,10000e+001  4,63027e-001  9,75045e+001  2,79040e-002  7,07708e-001  8,22053e+002  2,50000e+001  1,10648e+004  8,79275e+001  1,10651e+004  7,94660e-003  9,03710e-005  7,18142e-007  9,03739e-005
            17  2,28152e+001  1,75000e+002  8,60000e+001  1,42700e-001  2,99907e+001  2,81971e-002  7,08055e-001  8,31161e+002  2,50000e+001  1,10824e+004  7,76508e+001  1,10827e+004  7,00665e-003  9,02283e-005  6,32199e-007  9,02306e-005
            18  2,28104e+001  1,79000e+002  9,10000e+001  4,81569e-001  1,00609e+002  2,96375e-002  7,12456e-001  8,43237e+002  2,50000e+001  1,11441e+004  8,04224e+001  1,11444e+004  7,21661e-003  8,97291e-005  6,47540e-007  8,97314e-005
            19  2,28200e+001  1,90000e+002  9,60000e+001  1,49203e-001  3,09462e+001  2,94657e-002  7,18991e-001  8,56777e+002  2,50000e+001  1,12206e+004  6,52090e+001  1,12208e+004  5,81154e-003  8,91187e-005  5,17917e-007  8,91202e-005
            20  2,28241e+001  2,02000e+002  1,01000e+002  4,87330e-001  1,00817e+002  2,82203e-002  7,22202e-001  8,65242e+002  2,50000e+001  1,12446e+004  3,74577e+001  1,12447e+004  3,33117e-003  8,89304e-005  2,96242e-007  8,89309e-005
cfrp, 22.04.2021 13:42:15
