         Index            Ts             t             f             F             x         Phase            F0            x0            Tr            M'            M"            M*     tan_delta            C'            C"            C*
           [#]          [°C]           [s]          [Hz]           [N]          [um]         [rad]           [N]          [um]          [°C]         [MPa]         [MPa]         [MPa]            []       [1/MPa]       [1/MPa]       [1/MPa]
             0  2,29243e+001  2,20000e+001  9,99999e-001  0,00000e+000  1,01455e+002 -3,35267e-001  0,00000e+000  1,29160e+002  2,50000e+001  0,00000e+000  0,00000e+000  0,00000e+000  0,00000e+000  0,00000e+000  0,00000e+000  0,00000e+000
             1  2,29197e+001  4,10000e+001  6,00000e+000  0,00000e+000  4,74053e+001 -2,37111e+000  0,00000e+000  2,34746e+002  2,50000e+001  0,00000e+000  0,00000e+000  0,00000e+000  0,00000e+000  0,00000e+000  0,00000e+000  0,00000e+000
             2  2,30214e+001  5,90000e+001  1,10000e+001  0,00000e+000  4,60273e+001 -7,18118e-001  0,00000e+000  3,12824e+002  2,50000e+001  0,00000e+000  0,00000e+000  0,00000e+000  0,00000e+000  0,00000e+000  0,00000e+000  0,00000e+000
             3  2,30099e+001  6,20000e+001  1,60000e+001  0,00000e+000  1,00959e+002  1,36835e-002  1,31786e-002  3,76336e+002  2,50000e+001  0,00000e+000  0,00000e+000  0,00000e+000  0,00000e+000  0,00000e+000  0,00000e+000  0,00000e+000
             4  2,30458e+001  8,10000e+001  2,10000e+001  1,00000e-002  9,93129e+001 -5,75706e-002  5,53594e-002  4,31043e+002  2,50000e+001  2,34399e+002 -1,47289e+001  2,34862e+002 -6,28367e-002  4,24944e-003 -2,67021e-004  4,25783e-003
             5  2,30764e+001  8,40000e+001  2,60000e+001  1,35510e-002  9,92231e+001  2,59609e-001  1,08267e-001  4,86322e+002  2,50000e+001  3,08362e+002  7,97920e+001  3,18518e+002  2,58761e-001  3,03943e-003  7,86488e-004  3,13954e-003
             6  2,30464e+001  1,04000e+002  3,10000e+001  1,40086e-001  1,36621e+002  1,61312e-001  1,83859e-001  5,38840e+002  2,50000e+001  2,36369e+003  3,66249e+002  2,39190e+003  1,54948e-001  4,13147e-004  6,40162e-005  4,18078e-004
             7  2,30471e+001  1,07000e+002  3,60000e+001  2,53990e-001  1,23713e+002  5,20345e-002  2,70516e-001  5,82529e+002  2,50000e+001  4,78599e+003  2,06827e+002  4,79046e+003  4,32150e-002  2,08554e-004  9,01265e-006  2,08748e-004
             8  2,29699e+001  1,28000e+002  4,10000e+001  2,38996e-001  9,85380e+001  3,11906e-002  3,56154e-001  6,19791e+002  2,50000e+001  5,65789e+003  1,19379e+002  5,65915e+003  2,10996e-002  1,76666e-004  3,72759e-006  1,76705e-004
             9  2,29608e+001  1,31000e+002  4,60000e+001  4,20385e-001  1,15436e+002  3,57587e-002  4,39793e-001  6,48878e+002  2,50000e+001  8,49688e+003  2,07760e+002  8,49942e+003  2,44513e-002  1,17620e-004  2,87596e-006  1,17655e-004
            10  2,29410e+001  1,47000e+002  5,10000e+001  5,23834e-001  1,14917e+002  1,08872e-002  5,19417e-001  6,72480e+002  2,50000e+001  1,06402e+004 -1,80417e+001  1,06402e+004 -1,69562e-003  9,39829e-005 -1,59359e-007  9,39831e-005
            11  2,29347e+001  1,50000e+002  5,60000e+001  5,48849e-001  1,08021e+002  7,77560e-003  5,92127e-001  6,89453e+002  2,50000e+001  1,18593e+004 -7,17349e+001  1,18595e+004 -6,04884e-003  8,43190e-005 -5,10032e-007  8,43205e-005
            12  2,29208e+001  1,59000e+002  6,10000e+001  3,53791e-001  6,63602e+001  1,69191e-002  6,58178e-001  7,02546e+002  2,50000e+001  1,24418e+004  2,33679e+001  1,24418e+004  1,87817e-003  8,03738e-005  1,50956e-007  8,03739e-005
            13  2,29199e+001  1,64000e+002  6,60000e+001  5,40320e-001  9,95468e+001  2,06514e-002  7,06926e-001  7,11784e+002  2,50000e+001  1,26635e+004  5,55129e+001  1,26636e+004  4,38368e-003  7,89655e-005  3,46160e-007  7,89662e-005
            14  2,28862e+001  1,85000e+002  7,10000e+001  5,38016e-001  9,96602e+001  2,42946e-002  7,42024e-001  7,17990e+002  2,50000e+001  1,25909e+004  8,56170e+001  1,25912e+004  6,79993e-003  7,94190e-005  5,40043e-007  7,94208e-005
            15  2,28956e+001  1,97000e+002  7,60000e+001  5,19317e-001  9,77268e+001  2,67482e-002  7,50586e-001  7,18933e+002  2,50000e+001  1,23889e+004  9,94111e+001  1,23893e+004  8,02418e-003  8,07120e-005  6,47647e-007  8,07145e-005
            16  2,29082e+001  2,09000e+002  8,10000e+001  5,20793e-001  9,99558e+001  2,81533e-002  7,47344e-001  7,17486e+002  2,50000e+001  1,21422e+004  9,95392e+001  1,21426e+004  8,19780e-003  8,23520e-005  6,75105e-007  8,23547e-005
            17  2,29099e+001  2,12000e+002  8,60000e+001  5,18779e-001  1,00140e+002  2,83771e-002  7,44377e-001  7,16708e+002  2,50000e+001  1,20683e+004  8,67487e+001  1,20686e+004  7,18815e-003  8,28575e-005  5,95592e-007  8,28596e-005
            18  2,29175e+001  2,21000e+002  9,10000e+001  5,14836e-001  9,98900e+001  2,89827e-002  7,42905e-001  7,16241e+002  2,50000e+001  1,20015e+004  7,87481e+001  1,20018e+004  6,56152e-003  8,33194e-005  5,46702e-007  8,33211e-005
            19  2,28960e+001  2,31000e+002  9,60000e+001  3,49733e-001  6,81507e+001  2,85865e-002  7,43286e-001  7,15884e+002  2,50000e+001  1,19445e+004  5,89010e+001  1,19446e+004  4,93124e-003  8,37188e-005  4,12837e-007  8,37198e-005
            20  2,28953e+001  2,36000e+002  1,01000e+002  5,10610e-001  9,98628e+001  2,75107e-002  7,44536e-001  7,15445e+002  2,50000e+001  1,18956e+004  3,11728e+001  1,18957e+004  2,62052e-003  8,40638e-005  2,20291e-007  8,40641e-005
cfrp, 22.04.2021 13:06:26
