         Index            Ts             t             f             F             x         Phase            F0            x0            Tr            M'            M"            M*     tan_delta            C'            C"            C*
           [#]          [°C]           [s]          [Hz]           [N]          [um]         [rad]           [N]          [um]          [°C]         [MPa]         [MPa]         [MPa]            []       [1/MPa]       [1/MPa]       [1/MPa]
             0  2,29805e+001  2,10000e+001  9,99999e-001  0,00000e+000  1,01021e+002 -9,76543e-001  0,00000e+000  2,03166e+002  2,50000e+001  0,00000e+000  0,00000e+000  0,00000e+000  0,00000e+000  0,00000e+000  0,00000e+000  0,00000e+000
             1  2,29833e+001  3,90000e+001  6,00000e+000  0,00000e+000  4,76186e+001  1,44995e+000  0,00000e+000  3,09945e+002  2,50000e+001  0,00000e+000  0,00000e+000  0,00000e+000  0,00000e+000  0,00000e+000  0,00000e+000  0,00000e+000
             2  2,29576e+001  5,80000e+001  1,10000e+001  0,00000e+000  4,62409e+001  2,06428e+000  0,00000e+000  3,86412e+002  2,50000e+001  0,00000e+000  0,00000e+000  0,00000e+000  0,00000e+000  0,00000e+000  0,00000e+000  0,00000e+000
             3  2,29561e+001  6,10000e+001  1,60000e+001  0,00000e+000  1,00598e+002 -1,07412e+000  8,21602e-002  4,56416e+002  2,50000e+001  0,00000e+000  0,00000e+000  0,00000e+000  0,00000e+000  0,00000e+000  0,00000e+000  0,00000e+000
             4  2,29539e+001  7,90000e+001  2,10000e+001  1,20000e-001  8,83096e+001  1,57726e-001  2,17358e-001  5,24053e+002  2,50000e+001  3,13418e+003  4,82104e+002  3,17104e+003  1,53822e-001  3,11688e-004  4,79443e-005  3,15354e-004
             5  2,29500e+001  1,02000e+002  2,60000e+001  2,94642e-001  1,00832e+002  7,21891e-002  3,19193e-001  5,91785e+002  2,50000e+001  6,80771e+003  4,48935e+002  6,82250e+003  6,59451e-002  1,46256e-004  9,64487e-006  1,46574e-004
             6  2,29429e+001  1,05000e+002  3,10000e+001  4,62096e-001  1,03003e+002  4,97531e-002  4,51357e-001  6,52651e+002  2,50000e+001  1,04701e+004  4,41883e+002  1,04794e+004  4,22042e-002  9,53401e-005  4,02376e-006  9,54250e-005
             7  2,29681e+001  1,23000e+002  3,60000e+001  5,40000e-001  9,61173e+001  1,81786e-002  6,21524e-001  7,04059e+002  2,50000e+001  1,31267e+004  1,22320e+002  1,31273e+004  9,31841e-003  7,61739e-005  7,09820e-007  7,61772e-005
             8  2,29648e+001  1,26000e+002  4,10000e+001  5,64192e-001  1,00500e+002  1,82390e-002  7,75000e-001  7,17802e+002  2,50000e+001  1,31144e+004  1,06791e+002  1,31149e+004  8,14299e-003  7,62469e-005  6,20877e-007  7,62494e-005
             9  2,29722e+001  1,36000e+002  4,60000e+001  6,00179e-001  1,07237e+002  1,83248e-002  7,71953e-001  7,16280e+002  2,50000e+001  1,30719e+004  9,14148e+001  1,30722e+004  6,99322e-003  7,64962e-005  5,34954e-007  7,64980e-005
            10  2,29722e+001  1,39000e+002  5,10000e+001  5,61220e-001  1,01814e+002  1,79919e-002  7,70022e-001  7,18101e+002  2,50000e+001  1,28713e+004  6,98119e+001  1,28715e+004  5,42384e-003  7,76899e-005  4,21378e-007  7,76910e-005
            11  2,29792e+001  1,48000e+002  5,60000e+001  5,53957e-001  1,01795e+002  1,83965e-002  7,71844e-001  7,19805e+002  2,50000e+001  1,27037e+004  5,83592e+001  1,27038e+004  4,59389e-003  7,87158e-005  3,61612e-007  7,87166e-005
            12  2,29763e+001  1,53000e+002  6,10000e+001  5,32871e-001  9,84982e+001  1,91841e-002  7,69522e-001  7,19854e+002  2,50000e+001  1,26255e+004  5,23720e+001  1,26256e+004  4,14810e-003  7,92032e-005  3,28543e-007  7,92039e-005
            13  2,29848e+001  1,62000e+002  6,60000e+001  5,32382e-001  9,91778e+001  2,19989e-002  7,65995e-001  7,19584e+002  2,50000e+001  1,25235e+004  7,18087e+001  1,25237e+004  5,73390e-003  7,98471e-005  4,57836e-007  7,98484e-005
            14  2,30050e+001  1,71000e+002  7,10000e+001  3,55572e-001  6,67765e+001  2,51141e-002  7,61929e-001  7,19708e+002  2,50000e+001  1,24186e+004  9,46426e+001  1,24189e+004  7,62106e-003  8,05200e-005  6,13647e-007  8,05223e-005
            15  2,30022e+001  1,83000e+002  7,60000e+001  5,16705e-001  9,77724e+001  2,81379e-002  7,58602e-001  7,20048e+002  2,50000e+001  1,23206e+004  1,16020e+002  1,23211e+004  9,41674e-003  8,11577e-005  7,64241e-007  8,11613e-005
            16  2,30007e+001  1,87000e+002  8,10000e+001  5,20105e-001  9,90686e+001  2,93351e-002  7,56077e-001  7,20359e+002  2,50000e+001  1,22348e+004  1,14790e+002  1,22353e+004  9,38225e-003  8,17270e-005  7,66783e-007  8,17306e-005
            17  2,29872e+001  1,99000e+002  8,60000e+001  5,20214e-001  9,96406e+001  2,96046e-002  7,52640e-001  7,19799e+002  2,50000e+001  1,21624e+004  1,02387e+002  1,21628e+004  8,41835e-003  8,22151e-005  6,92116e-007  8,22180e-005
            18  2,29750e+001  2,10000e+002  9,10000e+001  5,20090e-001  1,00085e+002  2,87345e-002  7,47586e-001  7,18852e+002  2,50000e+001  1,21006e+004  7,63888e+001  1,21008e+004  6,31282e-003  8,26374e-005  5,21675e-007  8,26391e-005
            19  2,29661e+001  2,19000e+002  9,60000e+001  5,14945e-001  9,95175e+001  2,80692e-002  7,43259e-001  7,18385e+002  2,50000e+001  1,20440e+004  5,31502e+001  1,20441e+004  4,41301e-003  8,30274e-005  3,66401e-007  8,30282e-005
            20  2,29742e+001  2,23000e+002  1,01000e+002  5,15292e-001  9,99314e+001  2,74412e-002  7,41786e-001  7,18557e+002  2,50000e+001  1,19967e+004  3,06024e+001  1,19967e+004  2,55091e-003  8,33559e-005  2,12633e-007  8,33562e-005
cfrp, 22.04.2021 13:16:43
