         Index            Ts             t             f             F             x         Phase            F0            x0            Tr            M'            M"            M*     tan_delta            C'            C"            C*
           [#]          [°C]           [s]          [Hz]           [N]          [um]         [rad]           [N]          [um]          [°C]         [MPa]         [MPa]         [MPa]            []       [1/MPa]       [1/MPa]       [1/MPa]
             0  2,29068e+001  2,00000e+001  9,99999e-001  0,00000e+000  1,01137e+002 -3,48411e-001  0,00000e+000  2,04532e+002  2,50000e+001  0,00000e+000  0,00000e+000  0,00000e+000  0,00000e+000  0,00000e+000  0,00000e+000  0,00000e+000
             1  2,28983e+001  3,90000e+001  6,00000e+000  0,00000e+000  4,77175e+001  2,62592e+000  0,00000e+000  3,11050e+002  2,50000e+001  0,00000e+000  0,00000e+000  0,00000e+000  0,00000e+000  0,00000e+000  0,00000e+000  0,00000e+000
             2  2,29837e+001  5,70000e+001  1,10000e+001  0,00000e+000  4,64020e+001 -1,40197e+000  0,00000e+000  3,89409e+002  2,50000e+001  0,00000e+000  0,00000e+000  0,00000e+000  0,00000e+000  0,00000e+000  0,00000e+000  0,00000e+000
             3  2,29726e+001  6,00000e+001  1,60000e+001  0,00000e+000  1,00972e+002  5,81781e-002  2,07494e-001  5,12359e+002  2,50000e+001  0,00000e+000  0,00000e+000  0,00000e+000  0,00000e+000  0,00000e+000  0,00000e+000  0,00000e+000
             4  2,29052e+001  8,00000e+001  2,10000e+001  3,50000e-002  9,70816e+001  9,73452e-002  3,20111e-001  5,80193e+002  2,50000e+001  8,37423e+002  7,74106e+001  8,40994e+002  9,24391e-002  1,18402e-003  1,09450e-004  1,18907e-003
             5  2,28674e+001  9,80000e+001  2,60000e+001  2,15852e-001  1,13645e+002  3,85221e-002  4,03177e-001  6,42079e+002  2,50000e+001  4,43055e+003  1,42409e+002  4,43284e+003  3,21425e-002  2,25473e-004  7,24726e-006  2,25589e-004
             6  2,28572e+001  1,10000e+002  3,10000e+001  3,94135e-001  1,27960e+002  1,44596e-002  4,83763e-001  6,96045e+002  2,50000e+001  7,19084e+003  4,90425e+001  7,19101e+003  6,82014e-003  1,39059e-004  9,48404e-007  1,39063e-004
             7  2,28574e+001  1,14000e+002  3,60000e+001  4,22944e-001  1,16955e+002  1,55647e-002  5,63673e-001  7,38422e+002  2,50000e+001  8,44298e+003  5,65111e+001  8,44317e+003  6,69326e-003  1,18436e-004  7,92725e-007  1,18439e-004
             8  2,28555e+001  1,23000e+002  4,10000e+001  4,44957e-001  1,11065e+002  1,58121e-002  6,41120e-001  7,73950e+002  2,50000e+001  9,35334e+003  5,33798e+001  9,35349e+003  5,70703e-003  1,06910e-004  6,10140e-007  1,06912e-004
             9  2,28531e+001  1,26000e+002  4,60000e+001  5,03273e-001  1,02352e+002  8,44209e-003  7,06643e-001  7,97934e+002  2,50000e+001  1,14817e+004 -3,34171e+001  1,14817e+004 -2,91047e-003  8,70944e-005 -2,53485e-007  8,70948e-005
            10  2,28572e+001  1,37000e+002  5,10000e+001  5,11997e-001  1,00810e+002  1,36098e-002  7,24509e-001  8,01218e+002  2,50000e+001  1,18575e+004  1,22380e+001  1,18575e+004  1,03209e-003  8,43349e-005  8,70413e-008  8,43350e-005
            11  2,28618e+001  1,40000e+002  5,60000e+001  5,03298e-001  9,94438e+001  1,56126e-002  7,21791e-001  7,99180e+002  2,50000e+001  1,18131e+004  2,13085e+001  1,18131e+004  1,80380e-003  8,46513e-005  1,52694e-007  8,46515e-005
            12  2,28635e+001  1,50000e+002  6,10000e+001  3,30628e-001  6,59343e+001  1,64468e-002  7,21793e-001  8,05122e+002  2,50000e+001  1,17009e+004  1,64362e+001  1,17009e+004  1,40470e-003  8,54633e-005  1,20050e-007  8,54634e-005
            13  2,28613e+001  1,53000e+002  6,60000e+001  4,74874e-001  9,59242e+001  1,84064e-002  7,22221e-001  8,14852e+002  2,50000e+001  1,15479e+004  2,46376e+001  1,15479e+004  2,13351e-003  8,65954e-005  1,84752e-007  8,65956e-005
            14  2,28746e+001  1,62000e+002  7,10000e+001  1,34968e-001  2,75840e+001  2,13509e-002  7,23352e-001  8,24002e+002  2,50000e+001  1,14098e+004  4,39186e+001  1,14098e+004  3,84922e-003  8,76430e-005  3,37357e-007  8,76436e-005
            15  2,28696e+001  1,76000e+002  7,60000e+001  4,65498e-001  9,54548e+001  2,45796e-002  7,25032e-001  8,33186e+002  2,50000e+001  1,13676e+004  6,65000e+001  1,13678e+004  5,84997e-003  8,79664e-005  5,14600e-007  8,79679e-005
            16  2,28702e+001  1,95000e+002  8,10000e+001  4,68964e-001  9,60759e+001  2,76439e-002  7,26794e-001  8,43110e+002  2,50000e+001  1,13739e+004  8,74237e+001  1,13743e+004  7,68632e-003  8,79152e-005  6,75744e-007  8,79178e-005
            17  2,28768e+001  2,00000e+002  8,60000e+001  4,89209e-001  9,99511e+001  2,86103e-002  7,29953e-001  8,56612e+002  2,50000e+001  1,14006e+004  8,46042e+001  1,14009e+004  7,42105e-003  8,77100e-005  6,50900e-007  8,77124e-005
            18  2,28744e+001  2,09000e+002  9,10000e+001  1,53839e-001  3,13265e+001  2,79933e-002  7,36082e-001  8,71912e+002  2,50000e+001  1,14341e+004  6,36825e+001  1,14343e+004  5,56952e-003  8,74548e-005  4,87081e-007  8,74562e-005
            19  2,28785e+001  2,13000e+002  9,60000e+001  4,87456e-001  9,91259e+001  2,90485e-002  7,45161e-001  8,83562e+002  2,50000e+001  1,14449e+004  6,17310e+001  1,14450e+004  5,39377e-003  8,73728e-005  4,71268e-007  8,73741e-005
            20  2,28992e+001  2,22000e+002  1,01000e+002  1,49956e-001  3,04898e+001  3,11746e-002  7,49274e-001  8,81186e+002  2,50000e+001  1,14412e+004  7,19800e+001  1,14414e+004  6,29131e-003  8,74001e-005  5,49861e-007  8,74018e-005
cfrp, 22.04.2021 13:37:47
