         Index            Ts             t             f             F             x         Phase            F0            x0            Tr            M'            M"            M*     tan_delta            C'            C"            C*
           [#]          [°C]           [s]          [Hz]           [N]          [um]         [rad]           [N]          [um]          [°C]         [MPa]         [MPa]         [MPa]            []       [1/MPa]       [1/MPa]       [1/MPa]
             0  2,28350e+001  2,00000e+001  9,99999e-001  0,00000e+000  1,01152e+002  1,96338e+000  0,00000e+000  2,75641e+002  2,50000e+001  0,00000e+000  0,00000e+000  0,00000e+000  0,00000e+000  0,00000e+000  0,00000e+000  0,00000e+000
             1  2,28270e+001  3,90000e+001  6,00000e+000  0,00000e+000  4,79597e+001  2,37962e+000  0,00000e+000  3,83046e+002  2,50000e+001  0,00000e+000  0,00000e+000  0,00000e+000  0,00000e+000  0,00000e+000  0,00000e+000  0,00000e+000
             2  2,28618e+001  5,70000e+001  1,10000e+001  0,00000e+000  4,65177e+001 -2,72339e+000  0,00000e+000  4,60156e+002  2,50000e+001  0,00000e+000  0,00000e+000  0,00000e+000  0,00000e+000  0,00000e+000  0,00000e+000  0,00000e+000
             3  2,28537e+001  6,00000e+001  1,60000e+001  0,00000e+000  1,00942e+002  1,96656e+000  1,01036e-001  5,34034e+002  2,50000e+001  0,00000e+000  0,00000e+000  0,00000e+000  0,00000e+000  0,00000e+000  0,00000e+000  0,00000e+000
             4  2,28374e+001  7,90000e+001  2,10000e+001  5,50000e-002  3,56442e+001  1,51274e-001  2,27483e-001  5,88246e+002  2,50000e+001  3,56268e+003  5,24535e+002  3,60109e+003  1,47230e-001  2,74732e-004  4,04489e-005  2,77694e-004
             5  2,28324e+001  8,20000e+001  2,60000e+001  1,11831e-001  3,53195e+001  5,61713e-002  3,05871e-001  6,37532e+002  2,50000e+001  7,38409e+003  3,68168e+002  7,39326e+003  4,98596e-002  1,35091e-004  6,73556e-006  1,35258e-004
             6  2,29324e+001  1,00000e+002  3,10000e+001  4,42075e-001  1,12105e+002  1,57472e-002  3,78626e-001  6,79305e+002  2,50000e+001  9,20923e+003  7,47066e+001  9,20954e+003  8,11214e-003  1,08580e-004  8,80812e-007  1,08583e-004
             7  2,29252e+001  1,03000e+002  3,60000e+001  4,58838e-001  1,08099e+002  1,56100e-002  4,52044e-001  7,13350e+002  2,50000e+001  9,91236e+003  6,68124e+001  9,91258e+003  6,74031e-003  1,00880e-004  6,79960e-007  1,00882e-004
             8  2,29354e+001  1,12000e+002  4,10000e+001  3,25275e-001  7,27243e+001  1,54477e-002  5,29276e-001  7,49809e+002  2,50000e+001  1,04442e+004  5,58040e+001  1,04444e+004  5,34305e-003  9,57441e-005  5,11565e-007  9,57454e-005
             9  2,29189e+001  1,15000e+002  4,60000e+001  4,99722e-001  1,01636e+002  4,26387e-003  6,07018e-001  7,81976e+002  2,50000e+001  1,14807e+004 -8,14767e+001  1,14810e+004 -7,09683e-003  8,70981e-005 -6,18121e-007  8,71003e-005
            10  2,28798e+001  1,26000e+002  5,10000e+001  5,28209e-001  1,05022e+002  1,22202e-002  6,75466e-001  8,06365e+002  2,50000e+001  1,17421e+004 -4,23009e+000  1,17421e+004 -3,60250e-004  8,51637e-005 -3,06803e-008  8,51637e-005
            11  2,28735e+001  1,29000e+002  5,60000e+001  5,07188e-001  1,00783e+002  1,74563e-002  7,01432e-001  8,21948e+002  2,50000e+001  1,17460e+004  4,28861e+001  1,17461e+004  3,65111e-003  8,51341e-005  3,10834e-007  8,51346e-005
            12  2,28595e+001  1,47000e+002  6,10000e+001  3,32784e-001  6,63269e+001  1,98792e-002  7,08323e-001  8,33681e+002  2,50000e+001  1,17074e+004  5,67100e+001  1,17076e+004  4,84394e-003  8,54140e-005  4,13740e-007  8,54150e-005
            13  2,28589e+001  1,51000e+002  6,60000e+001  4,97529e-001  9,97313e+001  2,25772e-002  7,15717e-001  8,45519e+002  2,50000e+001  1,16369e+004  7,34584e+001  1,16372e+004  6,31252e-003  8,59299e-005  5,42434e-007  8,59316e-005
            14  2,28474e+001  1,60000e+002  7,10000e+001  1,49575e-001  3,01857e+001  2,52343e-002  7,22650e-001  8,56854e+002  2,50000e+001  1,15548e+004  8,94379e+001  1,15551e+004  7,74034e-003  8,65391e-005  6,69842e-007  8,65417e-005
            15  2,28347e+001  1,65000e+002  7,60000e+001  4,89361e-001  9,91539e+001  2,75237e-002  7,28954e-001  8,67401e+002  2,50000e+001  1,15045e+004  1,01240e+002  1,15049e+004  8,80004e-003  8,69158e-005  7,64863e-007  8,69191e-005
            16  2,28315e+001  1,74000e+002  8,10000e+001  1,49901e-001  3,04732e+001  2,85570e-002  7,34149e-001  8,74900e+002  2,50000e+001  1,14624e+004  9,85922e+001  1,14628e+004  8,60136e-003  8,72353e-005  7,50343e-007  8,72386e-005
            17  2,28219e+001  1,78000e+002  8,60000e+001  4,89537e-001  9,98923e+001  3,16243e-002  7,34928e-001  8,73561e+002  2,50000e+001  1,14147e+004  1,19181e+002  1,14153e+004  1,04410e-002  8,75971e-005  9,14605e-007  8,76019e-005
            18  2,28406e+001  1,87000e+002  9,10000e+001  1,48853e-001  3,05167e+001  3,09466e-002  7,31698e-001  8,67983e+002  2,50000e+001  1,13568e+004  9,68562e+001  1,13572e+004  8,52847e-003  8,80464e-005  7,50901e-007  8,80496e-005
            19  2,28341e+001  2,02000e+002  9,60000e+001  5,06441e-001  1,04263e+002  3,10764e-002  7,25125e-001  8,62048e+002  2,50000e+001  1,13043e+004  8,39399e+001  1,13046e+004  7,42546e-003  8,84568e-005  6,56833e-007  8,84592e-005
            20  2,28326e+001  2,07000e+002  1,01000e+002  4,84500e-001  1,00019e+002  3,03286e-002  7,17071e-001  8,56431e+002  2,50000e+001  1,12684e+004  6,13393e+001  1,12686e+004  5,44346e-003  8,87408e-005  4,83057e-007  8,87421e-005
cfrp, 22.04.2021 13:46:46
