         Index            Ts             t             f             F             x         Phase            F0            x0            Tr            M'            M"            M*     tan_delta            C'            C"            C*
           [#]          [°C]           [s]          [Hz]           [N]          [um]         [rad]           [N]          [um]          [°C]         [MPa]         [MPa]         [MPa]            []       [1/MPa]       [1/MPa]       [1/MPa]
             0  2,29669e+001  2,10000e+001  9,99999e-001  0,00000e+000  1,01140e+002  2,88818e+000  0,00000e+000  2,05342e+002  2,50000e+001  0,00000e+000  0,00000e+000  0,00000e+000  0,00000e+000  0,00000e+000  0,00000e+000  0,00000e+000
             1  2,29618e+001  4,00000e+001  6,00000e+000  0,00000e+000  4,76674e+001  2,97103e+000  0,00000e+000  3,11678e+002  2,50000e+001  0,00000e+000  0,00000e+000  0,00000e+000  0,00000e+000  0,00000e+000  0,00000e+000  0,00000e+000
             2  2,29301e+001  5,80000e+001  1,10000e+001  0,00000e+000  4,63901e+001 -2,85174e+000  0,00000e+000  3,89944e+002  2,50000e+001  0,00000e+000  0,00000e+000  0,00000e+000  0,00000e+000  0,00000e+000  0,00000e+000  0,00000e+000
             3  2,29271e+001  6,10000e+001  1,60000e+001  0,00000e+000  1,00816e+002  1,24072e-001  2,03238e-001  5,15504e+002  2,50000e+001  0,00000e+000  0,00000e+000  0,00000e+000  0,00000e+000  0,00000e+000  0,00000e+000  0,00000e+000
             4  2,29097e+001  8,00000e+001  2,10000e+001  3,50000e-002  9,63996e+001  1,56097e-001  3,20176e-001  5,82453e+002  2,50000e+001  8,37315e+002  1,27351e+002  8,46944e+002  1,52095e-001  1,16729e-003  1,77539e-004  1,18072e-003
             5  2,29503e+001  1,01000e+002  2,60000e+001  2,19182e-001  1,16781e+002  5,70495e-002  4,03232e-001  6,43201e+002  2,50000e+001  4,37469e+003  2,21865e+002  4,38031e+003  5,07156e-002  2,28001e-004  1,15632e-005  2,28294e-004
             6  2,29592e+001  1,06000e+002  3,10000e+001  3,82094e-001  1,24620e+002  1,50780e-002  4,83681e-001  6,96561e+002  2,50000e+001  7,15793e+003  5,32503e+001  7,15812e+003  7,43934e-003  1,39698e-004  1,03926e-006  1,39701e-004
             7  2,29751e+001  1,15000e+002  3,60000e+001  3,56237e-001  9,90333e+001  1,58190e-002  5,63282e-001  7,38397e+002  2,50000e+001  8,39820e+003  5,83499e+001  8,39840e+003  6,94791e-003  1,19067e-004  8,27269e-007  1,19070e-004
             8  2,29960e+001  1,18000e+002  4,10000e+001  4,46685e-001  1,12323e+002  1,54624e-002  6,40289e-001  7,73571e+002  2,50000e+001  9,28438e+003  4,97341e+001  9,28452e+003  5,35675e-003  1,07705e-004  5,76946e-007  1,07706e-004
             9  2,29958e+001  1,27000e+002  4,60000e+001  5,03750e-001  1,02772e+002  4,30396e-003  7,04093e-001  7,96014e+002  2,50000e+001  1,14452e+004 -8,07647e+001  1,14455e+004 -7,05663e-003  8,73683e-005 -6,16525e-007  8,73705e-005
            10  2,29823e+001  1,30000e+002  5,10000e+001  5,02533e-001  9,96219e+001  1,18548e-002  7,19536e-001  7,97562e+002  2,50000e+001  1,17769e+004 -8,55457e+000  1,17769e+004 -7,26383e-004  8,49117e-005 -6,16784e-008  8,49117e-005
            11  2,29649e+001  1,40000e+002  5,60000e+001  4,93556e-001  9,89364e+001  1,47426e-002  7,13776e-001  7,93578e+002  2,50000e+001  1,16436e+004  1,08521e+001  1,16436e+004  9,32026e-004  8,58842e-005  8,00463e-008  8,58842e-005
            12  2,29651e+001  1,45000e+002  6,10000e+001  4,76912e-001  9,68430e+001  1,54506e-002  7,10306e-001  7,96199e+002  2,50000e+001  1,14907e+004  4,67227e+000  1,14907e+004  4,06613e-004  8,70267e-005  3,53862e-008  8,70267e-005
            13  2,29623e+001  1,54000e+002  6,60000e+001  1,30024e-001  2,68296e+001  1,70852e-002  7,08868e-001  8,00754e+002  2,50000e+001  1,13044e+004  9,15301e+000  1,13044e+004  8,09688e-004  8,84613e-005  7,16261e-008  8,84613e-005
            14  2,29321e+001  1,66000e+002  7,10000e+001  4,64660e-001  9,73570e+001  1,99410e-002  7,08223e-001  8,04682e+002  2,50000e+001  1,11289e+004  2,71159e+001  1,11290e+004  2,43653e-003  8,98554e-005  2,18935e-007  8,98557e-005
            15  2,29351e+001  1,79000e+002  7,60000e+001  4,59089e-001  9,68563e+001  2,34759e-002  7,06474e-001  8,08167e+002  2,50000e+001  1,10483e+004  5,24121e+001  1,10484e+004  4,74390e-003  9,05094e-005  4,29368e-007  9,05105e-005
            16  2,29201e+001  1,91000e+002  8,10000e+001  4,53895e-001  9,60219e+001  2,67886e-002  7,04786e-001  8,12297e+002  2,50000e+001  1,10141e+004  7,52141e+001  1,10143e+004  6,82892e-003  9,07888e-005  6,19989e-007  9,07909e-005
            17  2,29173e+001  1,96000e+002  8,60000e+001  4,78559e-001  1,01228e+002  2,80974e-002  7,05253e-001  8,18155e+002  2,50000e+001  1,10110e+004  7,60489e+001  1,10113e+004  6,90663e-003  9,08140e-005  6,27219e-007  9,08162e-005
            18  2,29121e+001  2,05000e+002  9,10000e+001  1,48651e-001  3,13684e+001  2,80940e-002  7,09863e-001  8,25604e+002  2,50000e+001  1,10330e+004  6,25582e+001  1,10332e+004  5,67008e-003  9,06339e-005  5,13902e-007  9,06354e-005
            19  2,28997e+001  2,18000e+002  9,60000e+001  4,72022e-001  9,94881e+001  2,79376e-002  7,16536e-001  8,29789e+002  2,50000e+001  1,10415e+004  4,72620e+001  1,10416e+004  4,28041e-003  9,05660e-005  3,87659e-007  9,05668e-005
            20  2,29023e+001  2,23000e+002  1,01000e+002  4,73276e-001  1,00165e+002  2,75097e-002  7,15167e-001  8,23763e+002  2,50000e+001  1,09909e+004  2,87864e+001  1,09910e+004  2,61910e-003  9,09835e-005  2,38295e-007  9,09838e-005
cfrp, 22.04.2021 13:32:22
