         Index            Ts             t             f             F             x         Phase            F0            x0            Tr            M'            M"            M*     tan_delta            C'            C"            C*
           [#]          [°C]           [s]          [Hz]           [N]          [um]         [rad]           [N]          [um]          [°C]         [MPa]         [MPa]         [MPa]            []       [1/MPa]       [1/MPa]       [1/MPa]
             0  2,29278e+001  2,10000e+001  9,99999e-001  0,00000e+000  1,01112e+002  5,11355e-003  0,00000e+000  2,06417e+002  2,50000e+001  0,00000e+000  0,00000e+000  0,00000e+000  0,00000e+000  0,00000e+000  0,00000e+000  0,00000e+000
             1  2,29441e+001  3,90000e+001  6,00000e+000  0,00000e+000  4,76312e+001  1,42054e+000  0,00000e+000  3,12211e+002  2,50000e+001  0,00000e+000  0,00000e+000  0,00000e+000  0,00000e+000  0,00000e+000  0,00000e+000  0,00000e+000
             2  2,29461e+001  5,70000e+001  1,10000e+001  0,00000e+000  4,63052e+001  2,25002e+000  0,00000e+000  3,88510e+002  2,50000e+001  0,00000e+000  0,00000e+000  0,00000e+000  0,00000e+000  0,00000e+000  0,00000e+000  0,00000e+000
             3  2,29422e+001  6,10000e+001  1,60000e+001  0,00000e+000  1,00298e+002 -1,19313e+000  9,65742e-002  4,60033e+002  2,50000e+001  0,00000e+000  0,00000e+000  0,00000e+000  0,00000e+000  0,00000e+000  0,00000e+000  0,00000e+000
             4  2,29422e+001  7,90000e+001  2,10000e+001  1,20000e-001  8,82005e+001  1,59360e-001  2,32142e-001  5,27158e+002  2,50000e+001  3,13726e+003  4,87831e+002  3,17497e+003  1,55496e-001  3,11224e-004  4,83940e-005  3,14964e-004
             5  2,29426e+001  1,00000e+002  2,60000e+001  3,03754e-001  1,00549e+002  6,61587e-002  3,38449e-001  5,95004e+002  2,50000e+001  7,04098e+003  4,21657e+002  7,05359e+003  5,98862e-002  1,41518e-004  8,47499e-006  1,41772e-004
             6  2,29450e+001  1,03000e+002  3,10000e+001  4,87470e-001  1,03115e+002  3,75969e-002  4,74214e-001  6,55825e+002  2,50000e+001  1,10389e+004  3,31318e+002  1,10439e+004  3,00136e-002  9,05068e-005  2,71643e-006  9,05476e-005
             7  2,29535e+001  1,21000e+002  3,60000e+001  5,45000e-001  9,70655e+001  1,83671e-002  6,42833e-001  7,06382e+002  2,50000e+001  1,31188e+004  1,24724e+002  1,31194e+004  9,50727e-003  7,62196e-005  7,24640e-007  7,62230e-005
             8  2,29552e+001  1,24000e+002  4,10000e+001  5,64138e-001  1,00536e+002  1,81603e-002  7,73438e-001  7,16859e+002  2,50000e+001  1,31085e+004  1,05708e+002  1,31089e+004  8,06408e-003  7,62815e-005  6,15141e-007  7,62840e-005
             9  2,29489e+001  1,33000e+002  4,60000e+001  5,65045e-001  1,01051e+002  1,81561e-002  7,67977e-001  7,15221e+002  2,50000e+001  1,30601e+004  8,91237e+001  1,30604e+004  6,82414e-003  7,65657e-005  5,22495e-007  7,65675e-005
            10  2,29511e+001  1,36000e+002  5,10000e+001  5,56677e-001  1,01136e+002  1,79871e-002  7,64326e-001  7,16670e+002  2,50000e+001  1,28527e+004  6,96493e+001  1,28529e+004  5,41905e-003  7,78025e-005  4,21615e-007  7,78036e-005
            11  2,29418e+001  1,47000e+002  5,60000e+001  5,48469e-001  1,01010e+002  1,84788e-002  7,69730e-001  7,19479e+002  2,50000e+001  1,26754e+004  5,92755e+001  1,26756e+004  4,67641e-003  7,88910e-005  3,68926e-007  7,88919e-005
            12  2,29387e+001  1,51000e+002  6,10000e+001  5,43458e-001  1,00602e+002  1,93515e-002  7,67360e-001  7,19272e+002  2,50000e+001  1,26071e+004  5,44099e+001  1,26072e+004  4,31583e-003  7,93191e-005  3,42327e-007  7,93198e-005
            13  2,29270e+001  1,59000e+002  6,60000e+001  5,37732e-001  1,00228e+002  2,20517e-002  7,64517e-001  7,19018e+002  2,50000e+001  1,25168e+004  7,24331e+001  1,25170e+004  5,78688e-003  7,98900e-005  4,62313e-007  7,98913e-005
            14  2,29215e+001  1,69000e+002  7,10000e+001  3,52310e-001  6,61551e+001  2,50432e-002  7,61498e-001  7,19439e+002  2,50000e+001  1,24202e+004  9,37717e+001  1,24206e+004  7,54993e-003  8,05094e-005  6,07840e-007  8,05117e-005
            15  2,29276e+001  1,72000e+002  7,60000e+001  5,25690e-001  9,94084e+001  2,75063e-002  7,58449e-001  7,19919e+002  2,50000e+001  1,23287e+004  1,08293e+002  1,23291e+004  8,78381e-003  8,11056e-005  7,12416e-007  8,11087e-005
            16  2,29478e+001  1,81000e+002  8,10000e+001  1,54533e-001  2,94266e+001  2,82574e-002  7,56575e-001  7,20204e+002  2,50000e+001  1,22384e+004  1,01606e+002  1,22389e+004  8,30221e-003  8,17041e-005  6,78325e-007  8,17069e-005
            17  2,29939e+001  1,86000e+002  8,60000e+001  5,24551e-001  1,00442e+002  2,83253e-002  7,54077e-001  7,19726e+002  2,50000e+001  1,21660e+004  8,68212e+001  1,21663e+004  7,13639e-003  8,21923e-005  5,86556e-007  8,21944e-005
            18  2,29854e+001  1,99000e+002  9,10000e+001  5,19568e-001  9,99701e+001  2,75182e-002  7,48966e-001  7,18667e+002  2,50000e+001  1,21024e+004  6,16509e+001  1,21026e+004  5,09411e-003  8,26261e-005  4,20906e-007  8,26272e-005
            19  2,29546e+001  2,11000e+002  9,60000e+001  5,14273e-001  9,94693e+001  2,70171e-002  7,42946e-001  7,17517e+002  2,50000e+001  1,20341e+004  4,04200e+001  1,20342e+004  3,35878e-003  8,30962e-005  2,79102e-007  8,30967e-005
            20  2,29774e+001  2,20000e+002  1,01000e+002  5,10879e-001  9,93787e+001  2,64365e-002  7,41429e-001  7,17806e+002  2,50000e+001  1,19600e+004  1,84682e+001  1,19601e+004  1,54416e-003  8,36116e-005  1,29110e-007  8,36116e-005
cfrp, 22.04.2021 13:21:28
