         Index            Ts             t             f             F             x         Phase            F0            x0            Tr            M'            M"            M*     tan_delta            C'            C"            C*
           [#]          [°C]           [s]          [Hz]           [N]          [um]         [rad]           [N]          [um]          [°C]         [MPa]         [MPa]         [MPa]            []       [1/MPa]       [1/MPa]       [1/MPa]
             0  2,30575e+001  2,10000e+001  9,99999e-001  0,00000e+000  1,01033e+002  1,02031e+000  0,00000e+000  2,02673e+002  2,50000e+001  0,00000e+000  0,00000e+000  0,00000e+000  0,00000e+000  0,00000e+000  0,00000e+000  0,00000e+000
             1  2,29682e+001  3,90000e+001  6,00000e+000  0,00000e+000  4,76299e+001  2,67085e+000  0,00000e+000  3,09411e+002  2,50000e+001  0,00000e+000  0,00000e+000  0,00000e+000  0,00000e+000  0,00000e+000  0,00000e+000  0,00000e+000
             2  2,29467e+001  5,80000e+001  1,10000e+001  0,00000e+000  4,63268e+001  2,64165e+000  0,00000e+000  3,87582e+002  2,50000e+001  0,00000e+000  0,00000e+000  0,00000e+000  0,00000e+000  0,00000e+000  0,00000e+000  0,00000e+000
             3  2,29447e+001  6,20000e+001  1,60000e+001  0,00000e+000  1,01014e+002 -1,88010e-001  1,72969e-001  5,04850e+002  2,50000e+001  0,00000e+000  0,00000e+000  0,00000e+000  0,00000e+000  0,00000e+000  0,00000e+000  0,00000e+000
             4  2,29658e+001  8,00000e+001  2,10000e+001  4,00000e-002  9,61701e+001  1,01324e-001  2,95080e-001  5,74927e+002  2,50000e+001  9,65784e+002  9,31555e+001  9,70266e+002  9,64559e-002  1,02588e-003  9,89525e-005  1,03064e-003
             5  2,29615e+001  1,02000e+002  2,60000e+001  2,21482e-001  1,11899e+002  4,09255e-002  3,78323e-001  6,36948e+002  2,50000e+001  4,61679e+003  1,59517e+002  4,61955e+003  3,45514e-002  2,16342e-004  7,47494e-006  2,16471e-004
             6  2,29562e+001  1,07000e+002  3,10000e+001  3,86423e-001  1,23046e+002  1,53657e-002  4,58494e-001  6,91237e+002  2,50000e+001  7,33179e+003  5,66573e+001  7,33201e+003  7,72762e-003  1,36384e-004  1,05393e-006  1,36388e-004
             7  2,29493e+001  1,16000e+002  3,60000e+001  3,44257e-001  9,41513e+001  1,58944e-002  5,38119e-001  7,34052e+002  2,50000e+001  8,53680e+003  5,99594e+001  8,53701e+003  7,02363e-003  1,17134e-004  8,22707e-007  1,17137e-004
             8  2,29506e+001  1,19000e+002  4,10000e+001  4,49376e-001  1,11754e+002  1,63930e-002  6,15779e-001  7,70367e+002  2,50000e+001  9,38799e+003  5,90401e+001  9,38818e+003  6,28889e-003  1,06515e-004  6,69861e-007  1,06517e-004
             9  2,29604e+001  1,29000e+002  4,60000e+001  4,89079e-001  9,96987e+001  9,10527e-003  6,82535e-001  7,94271e+002  2,50000e+001  1,14547e+004 -2,57273e+001  1,14548e+004 -2,24600e-003  8,72996e-005 -1,96075e-007  8,72998e-005
            10  2,29549e+001  1,32000e+002  5,10000e+001  5,30286e-001  1,05740e+002  1,24649e-002  7,08520e-001  7,99253e+002  2,50000e+001  1,17082e+004 -1,34738e+000  1,17082e+004 -1,15080e-004  8,54104e-005 -9,82906e-009  8,54104e-005
            11  2,29445e+001  1,41000e+002  5,60000e+001  4,92797e-001  9,96048e+001  1,27964e-002  7,13732e-001  7,96204e+002  2,50000e+001  1,15475e+004 -1,17542e+001  1,15475e+004 -1,01790e-003  8,65990e-005 -8,81492e-008  8,65990e-005
            12  2,29380e+001  1,46000e+002  6,10000e+001  4,86962e-001  1,00152e+002  1,27988e-002  7,10480e-001  7,94067e+002  2,50000e+001  1,13449e+004 -2,55295e+001  1,13450e+004 -2,25030e-003  8,81445e-005 -1,98351e-007  8,81448e-005
            13  2,29397e+001  1,55000e+002  6,60000e+001  1,32682e-001  2,77561e+001  1,44739e-002  7,07017e-001  7,96846e+002  2,50000e+001  1,11500e+004 -2,01428e+001  1,11501e+004 -1,80652e-003  8,96854e-005 -1,62019e-007  8,96856e-005
            14  2,29391e+001  1,67000e+002  7,10000e+001  4,62020e-001  9,80110e+001  1,87103e-002  7,06129e-001  8,01704e+002  2,50000e+001  1,09916e+004  1,32286e+001  1,09916e+004  1,20351e-003  9,09783e-005  1,09494e-007  9,09783e-005
            15  2,29338e+001  1,71000e+002  7,60000e+001  4,60325e-001  9,79689e+001  2,42755e-002  7,06268e-001  8,07879e+002  2,50000e+001  1,09520e+004  6,07278e+001  1,09522e+004  5,54488e-003  9,13043e-005  5,06271e-007  9,13057e-005
            16  2,29391e+001  1,80000e+002  8,10000e+001  1,39135e-001  2,93999e+001  2,86870e-002  7,06182e-001  8,18586e+002  2,50000e+001  1,10268e+004  9,62744e+001  1,10272e+004  8,73098e-003  9,06816e-005  7,91740e-007  9,06851e-005
            17  2,29349e+001  1,94000e+002  8,60000e+001  4,60745e-001  9,67570e+001  2,99084e-002  7,06950e-001  8,31524e+002  2,50000e+001  1,10910e+004  9,67274e+001  1,10914e+004  8,72123e-003  9,01561e-005  7,86273e-007  9,01596e-005
            18  2,29262e+001  1,97000e+002  9,10000e+001  4,80228e-001  9,97510e+001  3,16997e-002  7,12005e-001  8,49143e+002  2,50000e+001  1,12086e+004  1,04048e+002  1,12091e+004  9,28287e-003  8,92093e-005  8,28118e-007  8,92132e-005
            19  2,29112e+001  2,07000e+002  9,60000e+001  1,49617e-001  3,06211e+001  3,13412e-002  7,22188e-001  8,71919e+002  2,50000e+001  1,13713e+004  8,74555e+001  1,13716e+004  7,69090e-003  8,79355e-005  6,76303e-007  8,79381e-005
            20  2,29067e+001  2,27000e+002  1,01000e+002  4,86014e-001  9,80757e+001  2,89087e-002  7,31821e-001  8,95797e+002  2,50000e+001  1,15282e+004  4,63556e+001  1,15283e+004  4,02107e-003  8,67425e-005  3,48798e-007  8,67432e-005
cfrp, 22.04.2021 13:27:03
