         Index            Ts             t             f             F             x         Phase            F0            x0            Tr            M'            M"            M*     tan_delta            C'            C"            C*
           [#]          [°C]           [s]          [Hz]           [N]          [um]         [rad]           [N]          [um]          [°C]         [MPa]         [MPa]         [MPa]            []       [1/MPa]       [1/MPa]       [1/MPa]
             0  2,29461e+001  2,00000e+001  9,99999e-001  0,00000e+000  1,01558e+002 -3,11410e+000  0,00000e+000  1,73610e+002  2,50000e+001  0,00000e+000  0,00000e+000  0,00000e+000  0,00000e+000  0,00000e+000  0,00000e+000  0,00000e+000
             1  2,29587e+001  3,90000e+001  6,00000e+000  0,00000e+000  4,74179e+001  3,05970e+000  0,00000e+000  2,81121e+002  2,50000e+001  0,00000e+000  0,00000e+000  0,00000e+000  0,00000e+000  0,00000e+000  0,00000e+000  0,00000e+000
             2  2,29070e+001  5,70000e+001  1,10000e+001  0,00000e+000  4,61627e+001  2,92803e+000  0,00000e+000  3,59156e+002  2,50000e+001  0,00000e+000  0,00000e+000  0,00000e+000  0,00000e+000  0,00000e+000  0,00000e+000  0,00000e+000
             3  2,29057e+001  6,00000e+001  1,60000e+001  0,00000e+000  1,00860e+002 -6,06599e-001  7,49531e-002  4,32301e+002  2,50000e+001  0,00000e+000  0,00000e+000  0,00000e+000  0,00000e+000  0,00000e+000  0,00000e+000  0,00000e+000
             4  2,28857e+001  8,00000e+001  2,10000e+001  9,00000e-002  9,09919e+001  1,58428e-001  1,59307e-001  5,05041e+002  2,50000e+001  2,28078e+003  3,52422e+002  2,30784e+003  1,54518e-001  4,28223e-004  6,61683e-005  4,33305e-004
             5  2,28824e+001  1,01000e+002  2,60000e+001  2,64809e-001  1,03997e+002  7,32550e-002  2,29845e-001  5,76829e+002  2,50000e+001  5,93094e+003  3,97415e+002  5,94424e+003  6,70071e-002  1,67854e-004  1,12474e-005  1,68230e-004
             6  2,28894e+001  1,04000e+002  3,10000e+001  4,47405e-001  1,03051e+002  4,87918e-002  3,17714e-001  6,42610e+002  2,50000e+001  1,01324e+004  4,17834e+002  1,01411e+004  4,12372e-002  9,85253e-005  4,06291e-006  9,86091e-005
             7  2,28568e+001  1,23000e+002  3,60000e+001  5,30000e-001  9,48096e+001  1,91270e-002  4,20524e-001  6,99895e+002  2,50000e+001  1,30611e+004  1,34121e+002  1,30618e+004  1,02688e-002  7,65554e-005  7,86132e-007  7,65594e-005
             8  2,28811e+001  1,26000e+002  4,10000e+001  5,63548e-001  1,00674e+002  1,93422e-002  5,87812e-001  7,33096e+002  2,50000e+001  1,30767e+004  1,20942e+002  1,30772e+004  9,24867e-003  7,64654e-005  7,07204e-007  7,64687e-005
             9  2,29985e+001  1,38000e+002  4,60000e+001  5,60423e-001  1,00306e+002  1,96367e-002  6,86336e-001  7,41982e+002  2,50000e+001  1,30493e+004  1,08414e+002  1,30498e+004  8,30800e-003  7,66271e-005  6,36618e-007  7,66297e-005
            10  2,30459e+001  1,41000e+002  5,10000e+001  6,03858e-001  1,10136e+002  1,98223e-002  7,25522e-001  7,45201e+002  2,50000e+001  1,28024e+004  9,29219e+001  1,28027e+004  7,25818e-003  7,81064e-005  5,66910e-007  7,81085e-005
            11  2,30969e+001  1,50000e+002  5,60000e+001  5,47785e-001  1,01311e+002  2,17358e-002  7,46906e-001  7,44806e+002  2,50000e+001  1,26217e+004  1,00220e+002  1,26221e+004  7,94033e-003  7,92237e-005  6,29062e-007  7,92262e-005
            12  2,30459e+001  1,55000e+002  6,10000e+001  5,32062e-001  9,91813e+001  2,04738e-002  7,78008e-001  7,44966e+002  2,50000e+001  1,25192e+004  6,81101e+001  1,25194e+004  5,44043e-003  7,98746e-005  4,34553e-007  7,98758e-005
            13  2,30089e+001  1,64000e+002  6,60000e+001  1,46562e-001  2,75245e+001  2,39104e-002  8,04770e-001  7,43750e+002  2,50000e+001  1,24224e+004  9,50238e+001  1,24228e+004  7,64939e-003  8,04950e-005  6,15737e-007  8,04973e-005
            14  2,30009e+001  1,68000e+002  7,10000e+001  5,22269e-001  9,87850e+001  2,77783e-002  8,08290e-001  7,39926e+002  2,50000e+001  1,23297e+004  1,26883e+002  1,23304e+004  1,02908e-002  8,10962e-005  8,34547e-007  8,11005e-005
            15  2,29735e+001  1,77000e+002  7,60000e+001  1,55438e-001  2,96230e+001  3,06530e-002  7,99668e-001  7,34550e+002  2,50000e+001  1,22325e+004  1,46022e+002  1,22334e+004  1,19372e-002  8,17375e-005  9,75718e-007  8,17434e-005
            16  2,29485e+001  1,82000e+002  8,10000e+001  5,19007e-001  9,96640e+001  3,22407e-002  7,89228e-001  7,29182e+002  2,50000e+001  1,21354e+004  1,49192e+002  1,21364e+004  1,22939e-002  8,23908e-005  1,01291e-006  8,23971e-005
            17  2,29113e+001  1,91000e+002  8,60000e+001  1,55364e-001  3,00016e+001  2,96955e-002  7,78023e-001  7,22865e+002  2,50000e+001  1,20634e+004  1,02651e+002  1,20639e+004  8,50928e-003  8,28893e-005  7,05328e-007  8,28923e-005
            18  2,29256e+001  1,95000e+002  9,10000e+001  5,13825e-001  9,96986e+001  3,30597e-002  7,66338e-001  7,16506e+002  2,50000e+001  1,20005e+004  1,27769e+002  1,20012e+004  1,06470e-002  8,33204e-005  8,87112e-007  8,33251e-005
            19  2,29006e+001  2,04000e+002  9,60000e+001  1,54576e-001  3,01536e+001  3,22772e-002  7,53268e-001  7,10891e+002  2,50000e+001  1,19314e+004  1,02962e+002  1,19318e+004  8,62950e-003  8,38063e-005  7,23207e-007  8,38094e-005
            20  2,28967e+001  2,09000e+002  1,01000e+002  5,06626e-001  9,94892e+001  2,88161e-002  7,40679e-001  7,06841e+002  2,50000e+001  1,18470e+004  4,65407e+001  1,18471e+004  3,92848e-003  8,44083e-005  3,31597e-007  8,44090e-005
cfrp, 22.04.2021 13:00:12
