         Index            Ts             t             f             F             x         Phase            F0            x0            Tr            M'            M"            M*     tan_delta            C'            C"            C*
           [#]          [°C]           [s]          [Hz]           [N]          [um]         [rad]           [N]          [um]          [°C]         [MPa]         [MPa]         [MPa]            []       [1/MPa]       [1/MPa]       [1/MPa]
             0  2,29294e+001  2,10000e+001  9,99999e-001  0,00000e+000  1,01247e+002  1,28643e-001  0,00000e+000  2,64570e+002  2,50000e+001  0,00000e+000  0,00000e+000  0,00000e+000  0,00000e+000  0,00000e+000  0,00000e+000  0,00000e+000
             1  2,29336e+001  4,00000e+001  6,00000e+000  0,00000e+000  4,77424e+001  1,43560e+000  0,00000e+000  3,73334e+002  2,50000e+001  0,00000e+000  0,00000e+000  0,00000e+000  0,00000e+000  0,00000e+000  0,00000e+000  0,00000e+000
             2  2,29388e+001  5,80000e+001  1,10000e+001  0,00000e+000  4,62356e+001 -3,21396e-001  2,64062e-002  4,47975e+002  2,50000e+001  0,00000e+000  0,00000e+000  0,00000e+000  0,00000e+000  0,00000e+000  0,00000e+000  0,00000e+000
             3  2,29416e+001  6,20000e+001  1,60000e+001  3,50000e-002  9,91290e+001  1,63442e-001  9,39018e-002  4,99596e+002  2,50000e+001  8,13234e+002  1,30835e+002  8,23691e+002  1,60883e-001  1,19863e-003  1,92840e-004  1,21405e-003
             4  2,29381e+001  8,00000e+001  2,10000e+001  1,26945e-001  8,32331e+001  9,60712e-002  1,96176e-001  5,42810e+002  2,50000e+001  3,54470e+003  3,23262e+002  3,55941e+003  9,11958e-002  2,79784e-004  2,55151e-005  2,80945e-004
             5  2,29412e+001  8,30000e+001  2,60000e+001  3,09665e-001  1,11817e+002  4,94819e-002  2,87100e-001  5,89333e+002  2,50000e+001  6,45958e+003  2,78671e+002  6,46559e+003  4,31408e-002  1,54521e-004  6,66617e-006  1,54665e-004
             6  2,29209e+001  1,04000e+002  3,10000e+001  2,61548e-001  7,46244e+001  3,79834e-002  3,71480e-001  6,27490e+002  2,50000e+001  8,18015e+003  2,48567e+002  8,18392e+003  3,03866e-002  1,22134e-004  3,71125e-006  1,22191e-004
             7  2,29220e+001  1,07000e+002  3,60000e+001  4,54666e-001  1,12746e+002  1,91509e-002  4,54424e-001  6,54421e+002  2,50000e+001  9,41638e+003  9,68620e+001  9,41688e+003  1,02865e-002  1,06187e-004  1,09229e-006  1,06192e-004
             8  2,29270e+001  1,16000e+002  4,10000e+001  5,24372e-001  1,03840e+002  8,98885e-003  5,33799e-001  6,76104e+002  2,50000e+001  1,17946e+004 -1,32971e+001  1,17946e+004 -1,12739e-003  8,47845e-005 -9,55853e-008  8,47845e-005
             9  2,29277e+001  1,21000e+002  4,60000e+001  5,41534e-001  1,00694e+002  1,30016e-002  6,03349e-001  6,91730e+002  2,50000e+001  1,25603e+004  2,08261e+001  1,25603e+004  1,65809e-003  7,96158e-005  1,32010e-007  7,96159e-005
            10  2,29314e+001  1,30000e+002  5,10000e+001  5,58068e-001  1,01719e+002  1,64989e-002  6,64837e-001  7,03803e+002  2,50000e+001  1,28110e+004  5,03160e+001  1,28111e+004  3,92758e-003  7,80570e-005  3,06575e-007  7,80576e-005
            11  2,29309e+001  1,33000e+002  5,60000e+001  5,69398e-001  1,03694e+002  1,83094e-002  7,08874e-001  7,12247e+002  2,50000e+001  1,28188e+004  5,77710e+001  1,28190e+004  4,50673e-003  7,80086e-005  3,51563e-007  7,80094e-005
            12  2,29338e+001  1,45000e+002  6,10000e+001  5,39346e-001  9,91455e+001  2,01055e-002  7,39544e-001  7,17825e+002  2,50000e+001  1,26956e+004  6,43859e+001  1,26958e+004  5,07151e-003  7,87653e-005  3,99459e-007  7,87664e-005
            13  2,29381e+001  1,55000e+002  6,60000e+001  5,31792e-001  9,91066e+001  2,24185e-002  7,46672e-001  7,18983e+002  2,50000e+001  1,25186e+004  7,70443e+001  1,25188e+004  6,15439e-003  7,98782e-005  4,91602e-007  7,98797e-005
            14  2,29631e+001  1,58000e+002  7,10000e+001  5,27318e-001  9,92717e+001  2,51067e-002  7,43605e-001  7,18153e+002  2,50000e+001  1,23883e+004  9,43195e+001  1,23887e+004  7,61359e-003  8,07167e-005  6,14544e-007  8,07190e-005
            15  2,29646e+001  1,67000e+002  7,60000e+001  5,21097e-001  9,88439e+001  2,72990e-002  7,41461e-001  7,18020e+002  2,50000e+001  1,22907e+004  1,05405e+002  1,22911e+004  8,57601e-003  8,13567e-005  6,97715e-007  8,13596e-005
            16  2,29412e+001  1,76000e+002  8,10000e+001  5,20310e-001  9,93664e+001  2,83220e-002  7,40287e-001  7,18043e+002  2,50000e+001  1,22030e+004  1,02101e+002  1,22034e+004  8,36692e-003  8,19415e-005  6,85598e-007  8,19444e-005
            17  2,29377e+001  1,84000e+002  8,60000e+001  5,20322e-001  9,98304e+001  2,80195e-002  7,40037e-001  7,17781e+002  2,50000e+001  1,21419e+004  8,29280e+001  1,21421e+004  6,82992e-003  8,23558e-005  5,62484e-007  8,23578e-005
            18  2,29327e+001  1,88000e+002  9,10000e+001  5,15500e-001  9,93165e+001  2,70495e-002  7,40745e-001  7,17333e+002  2,50000e+001  1,20867e+004  5,58934e+001  1,20868e+004  4,62438e-003  8,27341e-005  3,82594e-007  8,27349e-005
            19  2,29264e+001  1,97000e+002  9,60000e+001  5,14574e-001  9,94856e+001  2,71588e-002  7,42562e-001  7,17110e+002  2,50000e+001  1,20392e+004  4,21465e+001  1,20393e+004  3,50077e-003  8,30610e-005  2,90778e-007  8,30615e-005
            20  2,29909e+001  2,08000e+002  1,01000e+002  5,15305e-001  9,99028e+001  2,79883e-002  7,45988e-001  7,17701e+002  2,50000e+001  1,20004e+004  3,71912e+001  1,20004e+004  3,09917e-003  8,33298e-005  2,58253e-007  8,33302e-005
cfrp, 22.04.2021 13:11:53
