         Index            Ts             t             f             F             x         Phase            F0            x0            Tr            M'            M"            M*     tan_delta            C'            C"            C*
           [#]          [°C]           [s]          [Hz]           [N]          [um]         [rad]           [N]          [um]          [°C]         [MPa]         [MPa]         [MPa]            []       [1/MPa]       [1/MPa]       [1/MPa]
             0  2,55967e+001  9,80000e+001  9,99999e-001  6,05000e-001  2,54409e+000  8,08693e-001  5,86000e+000  3,64827e+002  2,50000e+001  8,34123e+004  1,02584e+005  1,32216e+005  1,22984e+000  4,77157e-006  5,86828e-006  7,56337e-006
             1  2,57722e+001  1,16000e+002  6,00000e+000  3,80000e-001  6,92535e-001  6,83320e-001  6,43812e+000  3,77876e+002  2,50000e+001  2,22919e+005  2,60289e+005  3,42700e+005  1,16764e+000  1,89810e-006  2,21629e-006  2,91800e-006
             2  2,58153e+001  1,27000e+002  1,10000e+001  1,07260e+000  2,06546e+000  8,66802e-001  6,58648e+000  3,84468e+002  2,50000e+001  1,50755e+005  2,69541e+005  3,08835e+005  1,78795e+000  1,58058e-006  2,82599e-006  3,23797e-006
             3  2,56952e+001  1,36000e+002  1,60000e+001  1,68453e+000  1,82829e+000  7,51601e-001  6,63182e+000  3,86978e+002  2,50000e+001  2,78853e+005  5,64429e+005  6,29555e+005  2,02411e+000  7,03573e-007  1,42411e-006  1,58842e-006
             4  2,56653e+001  1,39000e+002  2,10000e+001  1,00000e+000  9,65435e-001  4,69279e-001  6,66583e+000  3,88529e+002  2,50000e+001  5,99493e+005  5,99600e+005  8,47886e+005  1,00018e+000  8,33890e-007  8,34039e-007  1,17940e-006
             5  2,56340e+001  1,48000e+002  2,60000e+001  1,00500e+000  9,83859e-001  3,13142e-001  6,72928e+000  3,90994e+002  2,50000e+001  7,66281e+005  4,51141e+005  8,89221e+005  5,88741e-001  9,69100e-007  5,70549e-007  1,12458e-006
             6  2,58489e+001  1,57000e+002  3,10000e+001  1,01500e+000  8,61715e-001  2,22974e-001  6,74665e+000  3,92577e+002  2,50000e+001  1,07726e+006  4,90708e+005  1,18376e+006  4,55513e-001  7,68765e-007  3,50183e-007  8,44764e-007
             7  2,58999e+001  1,60000e+002  3,60000e+001  1,00000e+000  7,84978e-001  1,13897e-001  6,74008e+000  3,92643e+002  2,50000e+001  1,40382e+006  3,30437e+005  1,44219e+006  2,35383e-001  6,74944e-007  1,58871e-007  6,93390e-007
             8  2,59020e+001  1,67000e+002  4,10000e+001  1,00000e+000  7,14799e-001  1,36926e-001  6,73057e+000  3,91853e+002  2,50000e+001  1,68431e+006  5,47605e+005  1,77109e+006  3,25121e-001  5,36956e-007  1,74576e-007  5,64623e-007
             9  2,58981e+001  1,70000e+002  4,60000e+001  1,00000e+000  6,70390e-001  1,80228e-001  6,71552e+000  3,90967e+002  2,50000e+001  1,81563e+006  8,89737e+005  2,02192e+006  4,90043e-001  4,44121e-007  2,17638e-007  4,94580e-007
            10  2,57912e+001  1,79000e+002  5,10000e+001  1,00500e+000  6,49328e-001  2,12488e-001  6,69568e+000  3,89900e+002  2,50000e+001  1,82429e+006  1,15635e+006  2,15990e+006  6,33866e-001  3,91044e-007  2,47869e-007  4,62984e-007
            11  2,57570e+001  1,82000e+002  5,60000e+001  1,00000e+000  6,31491e-001  1,85646e-001  6,67157e+000  3,88803e+002  2,50000e+001  2,05054e+006  1,15634e+006  2,35411e+006  5,63919e-001  3,70012e-007  2,08657e-007  4,24790e-007
            12  2,60030e+001  1,91000e+002  6,10000e+001  2,95000e-001  1,83233e-001  1,61854e-001  6,64248e+000  3,87529e+002  2,50000e+001  2,26161e+006  1,11770e+006  2,52272e+006  4,94207e-001  3,55368e-007  1,75625e-007  3,96397e-007
            13  2,58918e+001  1,96000e+002  6,60000e+001  9,95000e-001  6,06700e-001  1,47390e-001  6,60837e+000  3,86238e+002  2,50000e+001  2,45633e+006  1,12506e+006  2,70173e+006  4,58027e-001  3,36515e-007  1,54133e-007  3,70134e-007
            14  2,57578e+001  2,06000e+002  7,10000e+001  3,00000e-001  1,78981e-001  1,91539e-001  6,56967e+000  3,84747e+002  2,50000e+001  2,29671e+006  1,50871e+006  2,74792e+006  6,56901e-001  3,04157e-007  1,99801e-007  3,63912e-007
            15  2,57578e+001  2,09000e+002  7,60000e+001  1,00500e+000  5,79761e-001  2,19645e-001  6,52612e+000  3,83321e+002  2,50000e+001  2,21648e+006  1,88886e+006  2,91214e+006  8,52189e-001  2,61360e-007  2,22728e-007  3,43390e-007
            16  2,57171e+001  2,20000e+002  8,10000e+001  2,95000e-001  1,64639e-001  4,18802e-001  6,47783e+000  3,81760e+002  2,50000e+001  8,05164e+005  2,07086e+006  2,22188e+006  2,57197e+000  1,63096e-007  4,19479e-007  4,50070e-007
            17  2,56828e+001  2,24000e+002  8,60000e+001  1,00500e+000  5,44690e-001  3,31592e-001  6,42800e+000  3,80524e+002  2,50000e+001  1,27825e+006  2,45423e+006  2,76716e+006  1,92000e+000  1,66934e-007  3,20514e-007  3,61381e-007
            18  2,56403e+001  2,33000e+002  9,10000e+001  2,95000e-001  1,55194e-001  4,66929e-001  6,37827e+000  3,79256e+002  2,50000e+001  4,39146e+005  2,19426e+006  2,23778e+006  4,99666e+000  8,76952e-008  4,38183e-007  4,46872e-007
            19  2,56121e+001  2,38000e+002  9,60000e+001  1,00000e+000  5,10663e-001  5,36666e-001  6,32976e+000  3,77862e+002  2,50000e+001  1,26250e+005  2,05118e+006  2,05506e+006  1,62470e+001  2,98937e-008  4,85684e-007  4,86603e-007
            20  2,55796e+001  2,48000e+002  1,01000e+002  2,95000e-001  1,68516e-001  9,09795e-002  6,28726e+000  3,76599e+002  2,50000e+001  3,42036e+006  9,17096e+005  3,54118e+006  2,68128e-001  2,72757e-007  7,31340e-008  2,82392e-007
cfro_1_100_passo_5_1N, 25.04.2021 18:39:17
