         Index            Ts             t             f             F             x         Phase            F0            x0            Tr            M'            M"            M*     tan_delta            C'            C"            C*
           [#]          [°C]           [s]          [Hz]           [N]          [um]         [rad]           [N]          [um]          [°C]         [MPa]         [MPa]         [MPa]            []       [1/MPa]       [1/MPa]       [1/MPa]
             0  2,59235e+001  9,80000e+001  9,99999e-001  6,05000e-001  2,72387e+000  7,86193e-001  5,26500e+000  3,53133e+002  2,50000e+001  8,04800e+004  9,32024e+004  1,23141e+005  1,15808e+000  5,30741e-006  6,14641e-006  8,12077e-006
             1  2,59636e+001  1,16000e+002  6,00000e+000  3,85000e-001  4,65615e-001  2,62873e-001  5,87437e+000  3,66274e+002  2,50000e+001  5,95999e+005  2,52751e+005  6,47378e+005  4,24080e-001  1,42210e-006  6,03083e-007  1,54469e-006
             2  2,57292e+001  1,25000e+002  1,10000e+001  1,01000e+000  9,13779e-001  4,86703e-001  6,01834e+000  3,72158e+002  2,50000e+001  6,10278e+005  6,95299e+005  9,25138e+005  1,13931e+000  7,13042e-007  8,12379e-007  1,08092e-006
             3  2,55913e+001  1,34000e+002  1,60000e+001  1,12487e+000  1,01965e+000  4,68899e-001  6,04284e+000  3,73058e+002  2,50000e+001  6,35904e+005  6,82035e+005  9,32494e+005  1,07254e+000  7,31307e-007  7,84358e-007  1,07239e-006
             4  2,55551e+001  1,37000e+002  2,10000e+001  1,00500e+000  8,99369e-001  8,59565e-001  6,04057e+000  3,74105e+002  2,50000e+001  1,68856e+005  7,28589e+005  7,47900e+005  4,31486e+000  3,01876e-007  1,30255e-006  1,33708e-006
             5  2,54859e+001  1,46000e+002  2,60000e+001  7,00000e-001  6,46959e-001  7,85858e-001  6,07566e+000  3,75534e+002  2,50000e+001  2,47668e+005  7,11265e+005  7,53152e+005  2,87185e+000  4,36621e-007  1,25391e-006  1,32775e-006
             6  2,54673e+001  1,49000e+002  3,10000e+001  1,00500e+000  8,03131e-001  8,53775e-001  6,05969e+000  3,76259e+002  2,50000e+001  1,38888e+005  8,42879e+005  8,54245e+005  6,06877e+000  1,90326e-007  1,15505e-006  1,17062e-006
             7  2,53996e+001  1,59000e+002  3,60000e+001  1,19852e+000  9,53091e-001  6,60294e-001  6,01503e+000  3,75698e+002  2,50000e+001  3,81919e+005  9,14749e+005  9,91276e+005  2,39514e+000  3,88671e-007  9,30921e-007  1,00880e-006
             8  2,53922e+001  1,64000e+002  4,10000e+001  1,00500e+000  7,65345e-001  6,69782e-001  5,96935e+000  3,74599e+002  2,50000e+001  3,58033e+005  9,78550e+005  1,04199e+006  2,73313e+000  3,29757e-007  9,01268e-007  9,59700e-007
             9  2,57010e+001  1,73000e+002  4,60000e+001  1,96199e+000  1,45588e+000  5,74956e-001  5,92091e+000  3,73228e+002  2,50000e+001  5,19440e+005  1,04870e+006  1,17030e+006  2,01891e+000  3,79264e-007  7,65702e-007  8,54483e-007
            10  2,56867e+001  1,77000e+002  5,10000e+001  1,00500e+000  7,11337e-001  5,42514e-001  5,87175e+000  3,72192e+002  2,50000e+001  5,80659e+005  1,15480e+006  1,29257e+006  1,98878e+000  3,47548e-007  6,91195e-007  7,73654e-007
            11  2,55907e+001  1,88000e+002  5,60000e+001  1,00500e+000  6,76617e-001  3,27647e-001  5,82294e+000  3,70881e+002  2,50000e+001  1,24489e+006  1,23411e+006  1,75293e+006  9,91337e-001  4,05136e-007  4,01627e-007  5,70473e-007
            12  2,55351e+001  1,92000e+002  6,10000e+001  1,00500e+000  6,33602e-001  2,69024e-001  5,77761e+000  3,69724e+002  2,50000e+001  1,62017e+006  1,42875e+006  2,16016e+006  8,81850e-001  3,47209e-007  3,06186e-007  4,62929e-007
            13  2,54790e+001  2,01000e+002  6,60000e+001  2,95000e-001  1,71246e-001  1,92269e-001  5,73427e+000  3,68879e+002  2,50000e+001  2,41354e+006  1,73901e+006  2,97478e+006  7,20520e-001  2,72737e-007  1,96513e-007  3,36159e-007
            14  2,55150e+001  2,06000e+002  7,10000e+001  1,00000e+000  5,50013e-001  1,43774e-001  5,69374e+000  3,68278e+002  2,50000e+001  3,29514e+006  1,97945e+006  3,84398e+006  6,00717e-001  2,23003e-007  1,33962e-007  2,60147e-007
            15  2,55449e+001  2,15000e+002  7,60000e+001  3,00000e-001  1,54835e-001  3,83883e-001  5,65329e+000  3,67580e+002  2,50000e+001  7,31793e+005  2,59841e+006  2,69949e+006  3,55074e+000  1,00421e-007  3,56569e-007  3,70440e-007
            16  2,57355e+001  2,19000e+002  8,10000e+001  1,00000e+000  4,75829e-001  5,80941e-001  5,61526e+000  3,67143e+002  2,50000e+001 -2,16240e+005  2,01784e+006  2,02940e+006 -9,33150e+000 -5,25052e-008  4,89952e-007  4,92757e-007
            17  2,56802e+001  2,28000e+002  8,60000e+001  1,00500e+000  4,41609e-001  6,99507e-001  5,58145e+000  3,67308e+002  2,50000e+001 -5,41186e+005  1,70100e+006  1,78501e+006 -3,14309e+000 -1,69849e-007  5,33851e-007  5,60220e-007
            18  2,55310e+001  2,39000e+002  9,10000e+001  1,00500e+000  5,56221e-001  6,18105e-001  5,55776e+000  3,67593e+002  2,50000e+001  1,51032e+005  1,64871e+006  1,65562e+006  1,09163e+001  5,50997e-008  6,01486e-007  6,04004e-007
            19  2,54581e+001  2,46000e+002  9,60000e+001  9,95000e-001  5,41392e-001  5,60046e-001  5,55687e+000  3,67434e+002  2,50000e+001  2,50222e+005  1,82149e+006  1,83859e+006  7,27950e+000  7,40206e-008  5,38833e-007  5,43894e-007
            20  2,54230e+001  2,51000e+002  1,01000e+002  1,00500e+000  6,57695e-001  2,44468e-001  5,55000e+000  3,67755e+002  2,50000e+001  1,68324e+006  1,14578e+006  2,03620e+006  6,80701e-001  4,05979e-007  2,76351e-007  4,91110e-007
cfro_1_100_passo_5_1N, 25.04.2021 18:44:24
