         Index            Ts             t             f             F             x         Phase            F0            x0            Tr            M'            M"            M*     tan_delta            C'            C"            C*
           [#]          [°C]           [s]          [Hz]           [N]          [um]         [rad]           [N]          [um]          [°C]         [MPa]         [MPa]         [MPa]            []       [1/MPa]       [1/MPa]       [1/MPa]
             0  2,57054e+001  9,80000e+001  9,99999e-001  5,95000e-001  5,46600e+000  6,93714e-001  5,23000e+000  3,58617e+002  2,50000e+001  4,38016e+004  3,87741e+004  5,84979e+004  8,85222e-001  1,28000e-005  1,13308e-005  1,70946e-005
             1  2,58444e+001  1,17000e+002  6,00000e+000  4,26027e-001  9,69977e-001  5,69078e-001  5,86125e+000  3,65468e+002  2,50000e+001  2,07706e+005  1,70806e+005  2,68918e+005  8,22345e-001  2,87218e-006  2,36192e-006  3,71861e-006
             2  2,57900e+001  1,35000e+002  1,10000e+001  3,80000e-001  7,78448e-001  7,59631e-001  6,21213e+000  3,76010e+002  2,50000e+001  1,76960e+005  2,35307e+005  2,94422e+005  1,32972e+000  2,04143e-006  2,71453e-006  3,39649e-006
             3  2,57633e+001  1,39000e+002  1,60000e+001  1,82847e+000  2,06852e+000  4,69361e-001  6,35293e+000  3,80572e+002  2,50000e+001  5,05858e+005  4,43062e+005  6,72455e+005  8,75861e-001  1,11867e-006  9,79799e-007  1,48709e-006
             4  2,56935e+001  1,47000e+002  2,10000e+001  1,01500e+000  9,41794e-001  1,47300e-001  6,45328e+000  3,83630e+002  2,50000e+001  9,91231e+005  2,67352e+005  1,02665e+006  2,69717e-001  9,40433e-007  2,53651e-007  9,74039e-007
             5  2,56343e+001  1,56000e+002  2,60000e+001  1,02000e+000  7,41611e-001  5,80113e-002  6,58678e+000  3,86260e+002  2,50000e+001  1,72885e+006  2,19831e+005  1,74277e+006  1,27155e-001  5,69217e-007  7,23787e-008  5,73801e-007
             6  2,56200e+001  1,59000e+002  3,10000e+001  1,00000e+000  7,30353e-001  7,12254e-002  6,68223e+000  3,88904e+002  2,50000e+001  1,69860e+006  2,64734e+005  1,71910e+006  1,55855e-001  5,74760e-007  8,95790e-008  5,81699e-007
             7  2,57637e+001  1,69000e+002  3,60000e+001  1,55794e+000  1,38848e+000  5,83536e-001  6,69124e+000  3,90230e+002  2,50000e+001  4,89876e+005  7,48610e+005  8,94648e+005  1,52816e+000  6,12043e-007  9,35300e-007  1,11776e-006
             8  2,58823e+001  1,72000e+002  4,10000e+001  1,00500e+000  8,97118e-001  9,71061e-001  6,67138e+000  3,90022e+002  2,50000e+001  7,66981e+004  6,99269e+005  7,03462e+005  9,11715e+000  1,54990e-007  1,41307e-006  1,42154e-006
             9  2,58769e+001  1,81000e+002  4,60000e+001  9,52211e-001  8,38461e-001  1,20477e+000  6,64898e+000  3,89019e+002  2,50000e+001 -8,08835e+004  6,21958e+005  6,27195e+005 -7,68955e+000 -2,05615e-007  1,58109e-006  1,59440e-006
            10  2,58179e+001  1,86000e+002  5,10000e+001  1,00500e+000  8,60470e-001  1,32180e+000  6,62140e+000  3,87950e+002  2,50000e+001 -1,48913e+005  5,88148e+005  6,06706e+005 -3,94961e+000 -4,04553e-007  1,59783e-006  1,64824e-006
            11  2,59777e+001  1,96000e+002  5,60000e+001  9,95000e-001  8,19356e-001  1,06563e+000  6,58818e+000  3,86664e+002  2,50000e+001 -2,25245e+004  7,23016e+005  7,23367e+005 -3,20991e+001 -4,30464e-008  1,38175e-006  1,38242e-006
            12  2,60512e+001  2,01000e+002  6,10000e+001  1,00500e+000  7,82067e-001  7,11485e-001  6,54700e+000  3,85289e+002  2,50000e+001  3,10866e+005  9,32771e+005  9,83209e+005  3,00056e+000  3,21575e-007  9,64903e-007  1,01708e-006
            13  2,62573e+001  2,11000e+002  6,60000e+001  2,95000e-001  2,13241e-001  3,11169e-001  6,49986e+000  3,83857e+002  2,50000e+001  1,20232e+006  9,67124e+005  1,54302e+006  8,04383e-001  5,04985e-007  4,06201e-007  6,48081e-007
            14  2,62669e+001  2,16000e+002  7,10000e+001  1,00500e+000  6,72678e-001  1,41937e-001  6,45079e+000  3,82876e+002  2,50000e+001  1,96341e+006  6,97531e+005  2,08364e+006  3,55265e-001  4,52239e-007  1,60664e-007  4,79930e-007
            15  2,61620e+001  2,26000e+002  7,60000e+001  3,00000e-001  1,88741e-001  7,87033e-002  6,40208e+000  3,81629e+002  2,50000e+001  2,52123e+006  4,80521e+005  2,56661e+006  1,90590e-001  3,82729e-007  7,29443e-008  3,89618e-007
            16  2,61338e+001  2,29000e+002  8,10000e+001  1,01000e+000  6,10344e-001  1,90417e-001  6,35554e+000  3,80446e+002  2,50000e+001  2,25628e+006  1,39731e+006  2,65392e+006  6,19299e-001  3,20345e-007  1,98389e-007  3,76801e-007
            17  2,61026e+001  2,40000e+002  8,60000e+001  2,95000e-001  1,74775e-001  2,13184e-001  6,30773e+000  3,79335e+002  2,50000e+001  2,18899e+006  1,63108e+006  2,72985e+006  7,45131e-001  2,93741e-007  2,18876e-007  3,66320e-007
            18  2,60406e+001  2,44000e+002  9,10000e+001  1,00500e+000  5,90753e-001  1,45388e-001  6,25841e+000  3,78559e+002  2,50000e+001  2,75332e+006  1,29153e+006  3,04119e+006  4,69082e-001  2,97694e-007  1,39643e-007  3,28819e-007
            19  2,59760e+001  2,53000e+002  9,60000e+001  2,95000e-001  1,71928e-001  2,71535e-001  6,21072e+000  3,78038e+002  2,50000e+001  1,80189e+006  1,90153e+006  2,61966e+006  1,05530e+000  2,62565e-007  2,77085e-007  3,81729e-007
            20  2,59530e+001  2,58000e+002  1,01000e+002  1,00500e+000  5,76345e-001  4,45478e-001  6,17082e+000  3,77682e+002  2,50000e+001  7,62755e+005  1,89605e+006  2,04372e+006  2,48579e+000  1,82617e-007  4,53948e-007  4,89303e-007
cfro_1_100_passo_5_1N, 25.04.2021 18:34:06
