         Index            Ts             t             f             F             x         Phase            F0            x0            Tr            M'            M"            M*     tan_delta            C'            C"            C*
           [#]          [°C]           [s]          [Hz]           [N]          [um]         [rad]           [N]          [um]          [°C]         [MPa]         [MPa]         [MPa]            []       [1/MPa]       [1/MPa]       [1/MPa]
             0  2,57728e+001  9,80000e+001  9,99999e-001  5,85000e-001  6,95648e+000  5,50736e-001  5,62000e+000  3,65793e+002  2,50000e+001  3,78526e+004  2,42657e+004  4,49627e+004  6,41057e-001  1,87237e-005  1,20030e-005  2,22407e-005
             1  2,56986e+001  1,16000e+002  6,00000e+000  3,94863e-001  1,89541e+000  1,13229e+000  6,04187e+000  3,72643e+002  2,50000e+001  3,89498e+004  1,04859e+005  1,11859e+005  2,69215e+000  3,11289e-006  8,38037e-006  8,93984e-006
             2  2,56333e+001  1,34000e+002  1,10000e+001  3,80000e-001  2,27429e+000  1,02594e+000  6,56783e+000  3,86195e+002  2,50000e+001  4,17538e+004  7,94771e+004  8,97775e+004  1,90347e+000  5,18037e-006  9,86070e-006  1,11387e-005
             3  2,57849e+001  1,57000e+002  1,60000e+001  1,38946e+000  7,86846e+000  1,01047e+000  7,09849e+000  3,98260e+002  2,50000e+001  4,54023e+004  8,36472e+004  9,51747e+004  1,84236e+000  5,01227e-006  9,23440e-006  1,05070e-005
             4  2,57533e+001  1,61000e+002  2,10000e+001  1,03665e+000  6,96767e+000  1,01060e+000  7,52050e+000  4,07633e+002  2,50000e+001  3,88644e+004  6,95897e+004  7,97068e+004  1,79058e+000  6,11733e-006  1,09535e-005  1,25460e-005
             5  2,59323e+001  1,84000e+002  2,60000e+001  6,11257e-001  4,20050e+000  1,08067e+000  7,93629e+000  4,16858e+002  2,50000e+001  3,30289e+004  7,02074e+004  7,75886e+004  2,12564e+000  5,48654e-006  1,16624e-005  1,28885e-005
             6  2,57947e+001  2,05000e+002  3,10000e+001  1,67128e+000  7,35509e+000  9,96502e-001  8,36105e+000  4,26360e+002  2,50000e+001  5,89483e+004  1,09027e+005  1,23943e+005  1,84954e+000  3,83734e-006  7,09729e-006  8,06825e-006
             7  2,58530e+001  2,09000e+002  3,60000e+001  1,94837e+000  6,38873e+000  9,07864e-001  8,75309e+000  4,35352e+002  2,50000e+001  9,08416e+004  1,44827e+005  1,70959e+005  1,59428e+000  3,10814e-006  4,95524e-006  5,84936e-006
             8  2,60503e+001  2,30000e+002  4,10000e+001  7,67559e-001  2,02100e+000  9,10642e-001  9,10062e+000  4,42941e+002  2,50000e+001  1,09273e+005  1,87172e+005  2,16735e+005  1,71289e+000  2,32625e-006  3,98460e-006  4,61394e-006
             9  2,60089e+001  2,36000e+002  4,60000e+001  2,16259e+000  5,20121e+000  7,08100e-001  9,46141e+000  4,50264e+002  2,50000e+001  1,67079e+005  1,82420e+005  2,47371e+005  1,09182e+000  2,73038e-006  2,98109e-006  4,04251e-006
            10  2,59020e+001  2,56000e+002  5,10000e+001  7,85000e-001  2,00709e+000  6,03186e-001  9,78490e+000  4,56738e+002  2,50000e+001  1,79085e+005  1,50620e+005  2,34003e+005  8,41052e-001  3,27050e-006  2,75066e-006  4,27344e-006
            11  2,58990e+001  2,60000e+002  5,60000e+001  1,00000e+000  2,74196e+000  4,90324e-001  1,00489e+001  4,61885e+002  2,50000e+001  1,85188e+005  1,16118e+005  2,18582e+005  6,27028e-001  3,87600e-006  2,43036e-006  4,57494e-006
            12  2,58671e+001  2,71000e+002  6,10000e+001  1,04000e+000  2,95965e+000  5,80277e-001  1,02790e+001  4,66238e+002  2,50000e+001  1,64217e+005  1,26893e+005  2,07530e+005  7,72715e-001  3,81289e-006  2,94627e-006  4,81857e-006
            13  2,60544e+001  2,93000e+002  6,60000e+001  8,35519e-001  2,43260e+000  6,24200e-001  1,04558e+001  4,69815e+002  2,50000e+001  1,53439e+005  1,30224e+005  2,01251e+005  8,48705e-001  3,78844e-006  3,21527e-006  4,96893e-006
            14  2,59146e+001  2,98000e+002  7,10000e+001  2,12005e+000  5,96685e+000  7,01635e-001  1,05970e+001  4,72696e+002  2,50000e+001  1,45319e+005  1,47637e+005  2,07157e+005  1,01595e+000  3,38626e-006  3,44028e-006  4,82725e-006
            15  2,59007e+001  3,07000e+002  7,60000e+001  2,29458e+000  5,90402e+000  5,85041e-001  1,06834e+001  4,74272e+002  2,50000e+001  1,82271e+005  1,44511e+005  2,32608e+005  7,92836e-001  3,36876e-006  2,67088e-006  4,29909e-006
            16  2,59222e+001  3,17000e+002  8,10000e+001  6,90000e-001  1,39522e+000  4,06136e-001  1,07401e+001  4,75269e+002  2,50000e+001  2,80034e+005  1,47783e+005  3,16636e+005  5,27732e-001  2,79312e-006  1,47402e-006  3,15820e-006
            17  2,59501e+001  3,29000e+002  8,60000e+001  1,36266e+000  2,27210e+000  1,71592e-001  1,07754e+001  4,75825e+002  2,50000e+001  4,06694e+005  8,33648e+004  4,15151e+005  2,04982e-001  2,35970e-006  4,83695e-007  2,40876e-006
            18  2,60618e+001  3,34000e+002  9,10000e+001  1,00500e+000  1,10397e+000  1,49606e-001  1,07500e+001  4,75452e+002  2,50000e+001  7,48931e+005  1,58110e+005  7,65439e+005  2,11115e-001  1,27826e-006  2,69860e-007  1,30644e-006
            19  2,59263e+001  3,43000e+002  9,60000e+001  2,80000e-001  1,74233e-001  2,50723e-001  1,06970e+001  4,74757e+002  2,50000e+001  1,79317e+006  1,42083e+006  2,28784e+006  7,92355e-001  3,42587e-007  2,71450e-007  4,37094e-007
            20  2,58896e+001  3,47000e+002  1,01000e+002  1,00500e+000  4,05220e-001  4,11893e-001  1,06570e+001  4,74405e+002  2,50000e+001 -1,09740e+006  2,98629e+006  3,18154e+006 -2,72123e+000 -1,08415e-007  2,95023e-007  3,14313e-007
cfro_1_100_passo_5_1N, 25.04.2021 18:28:50
