         Index            Ts             t             f             F             x         Phase            F0            x0            Tr            M'            M"            M*     tan_delta            C'            C"            C*
           [#]          [°C]           [s]          [Hz]           [N]          [um]         [rad]           [N]          [um]          [°C]         [MPa]         [MPa]         [MPa]            []       [1/MPa]       [1/MPa]       [1/MPa]
             0  2,26350e+001  2,30000e+001  9,99999e-001  2,95000e-001  2,86014e+002  5,76763e-001  3,25000e-001  7,52424e+002  2,50000e+001  1,10057e+004  7,15952e+003  1,31295e+004  6,50529e-001  6,38440e-005  4,15324e-005  7,61643e-005
             1  2,24126e+001  4,30000e+001  6,00000e+000  9,56946e-002  7,98267e+000  1,41856e+000  2,18750e-001  1,01319e+003  2,50000e+001  2,26283e+004  1,50971e+005  1,52657e+005  6,67177e+000  9,70997e-007  6,47827e-006  6,55063e-006
             2  2,23710e+001  6,30000e+001  1,10000e+001  1,23152e-001  3,91629e+000  1,54236e+000  6,92344e-002  1,21203e+003  2,50000e+001  7,22765e+003  4,00193e+005  4,00258e+005  5,53697e+001  4,51146e-008  2,49798e-006  2,49839e-006
             3  2,23665e+001  6,40000e+001  1,60000e+001  2,80639e-001  2,10771e+000  1,89905e+000 -1,05469e-001  1,30859e+003  2,50000e+001 -6,10341e+005  1,54640e+006  1,66249e+006 -2,53366e+000 -2,20829e-007  5,59506e-007  6,01508e-007
             4  2,23597e+001  6,60000e+001  2,10000e+001  2,83745e-001  1,25483e+000  8,05297e-001 -2,33942e-001  1,37053e+003  2,50000e+001  1,97472e+006  2,35161e+006  3,07076e+006  1,19086e+000  2,09418e-007  2,49386e-007  3,25652e-007
             5  2,23504e+001  6,70000e+001  2,60000e+001  1,50000e-001  4,61469e-001  6,48354e-001 -3,47385e-001  1,44840e+003  2,50000e+001  3,43375e+006  3,08896e+006  4,61869e+006  8,99588e-001  1,60965e-007  1,44802e-007  2,16512e-007
             6  2,24562e+001  8,50000e+001  3,10000e+001  1,55000e-001  2,89639e-001  2,83025e-001 -4,67878e-001  1,51431e+003  2,50000e+001  8,10820e+006  2,98129e+006  8,63893e+006  3,67689e-001  1,08644e-007  3,99471e-008  1,15755e-007
             7  2,24362e+001  8,70000e+001  3,60000e+001  1,50000e-001  2,33676e-001  2,72358e-001 -5,65336e-001  1,54331e+003  2,50000e+001  1,02632e+007  3,82796e+006  1,09539e+007  3,72978e-001  8,55360e-008  3,19031e-008  9,12919e-008
             8  2,24284e+001  8,80000e+001  4,10000e+001  1,50000e-001  2,09884e-001  1,46734e-001 -6,44789e-001  1,55431e+003  2,50000e+001  1,26216e+007  2,47972e+006  1,28628e+007  1,96467e-001  7,62850e-008  1,49875e-008  7,77433e-008
             9  2,24130e+001  9,00000e+001  4,60000e+001  1,50000e-001  2,13736e-001  4,90277e-002 -7,16554e-001  1,56067e+003  2,50000e+001  1,25789e+007  6,70019e+005  1,25968e+007  5,32652e-002  7,92732e-008  4,22250e-009  7,93855e-008
            10  2,23386e+001  1,06000e+002  5,10000e+001  3,94893e-003  5,95215e-003 -2,58185e-001 -7,73087e-001  1,56458e+003  2,50000e+001  1,06521e+007 -4,14387e+006  1,14298e+007 -3,89018e-001  8,15383e-008 -3,17199e-008  8,74908e-008
            11  2,23480e+001  1,08000e+002  5,60000e+001  2,62601e-003  4,36258e-003 -7,31843e-001 -8,08862e-001  1,56682e+003  2,50000e+001  5,33090e+006 -7,46839e+006  9,17580e+006 -1,40096e+000  6,33158e-008 -8,87031e-008  1,08982e-007
            12  2,23477e+001  1,09000e+002  6,10000e+001  6,89454e-003  1,24634e-002 -1,05096e+000 -8,36584e-001  1,56843e+003  2,50000e+001  2,14602e+006 -7,40673e+006  7,71136e+006 -3,45138e+000  3,60888e-008 -1,24556e-007  1,29679e-007
            13  2,23362e+001  1,11000e+002  6,60000e+001  6,10749e-003  1,15930e-002 -1,00277e+000 -8,63053e-001  1,56998e+003  2,50000e+001  2,49488e+006 -6,96210e+006  7,39562e+006 -2,79055e+000  4,56143e-008 -1,27289e-007  1,35215e-007
            14  2,23086e+001  1,27000e+002  7,10000e+001  7,81093e-003  1,47444e-002 -7,13667e-001 -8,85743e-001  1,57131e+003  2,50000e+001  4,89203e+006 -6,23118e+006  7,92210e+006 -1,27374e+000  7,79488e-008 -9,92865e-008  1,26229e-007
            15  2,23038e+001  1,29000e+002  7,60000e+001  5,50391e-003  1,07631e-002  1,24321e-001 -8,96814e-001  1,57196e+003  2,50000e+001  8,15104e+006  1,09846e+006  8,22473e+006  1,34763e-001  1,20495e-007  1,62383e-008  1,21585e-007
            16  2,23032e+001  1,30000e+002  8,10000e+001  9,56669e-003  1,85789e-002  2,28882e-002 -9,03365e-001  1,57234e+003  2,50000e+001  8,30933e+006  3,08197e+004  8,30938e+006  3,70905e-003  1,20345e-007  4,46365e-010  1,20346e-007
            17  2,23073e+001  1,33000e+002  8,60000e+001  4,03410e-003  7,14449e-003  8,00286e-003 -9,10128e-001  1,57272e+003  2,50000e+001  9,35109e+006 -1,61246e+005  9,35248e+006 -1,72436e-002  1,06908e-007 -1,84347e-009  1,06924e-007
            18  2,22908e+001  1,50000e+002  9,10000e+001  2,73785e-003  4,58844e-003  7,47442e-001 -9,13607e-001  1,57293e+003  2,50000e+001  5,48566e+006  7,26240e+006  9,10137e+006  1,32389e+000  6,62240e-008  8,76732e-008  1,09874e-007
            19  2,22912e+001  1,51000e+002  9,60000e+001  7,47825e-003  1,52500e-002  2,13366e+000 -9,11929e-001  1,57286e+003  2,50000e+001 -3,56261e+006  4,26476e+006  5,55702e+006 -1,19709e+000 -1,15368e-007  1,38106e-007  1,79953e-007
            20  2,23060e+001  1,53000e+002  1,01000e+002  5,00000e-003  9,80338e-003 -2,08211e+000 -9,08929e-001  1,57272e+003  2,50000e+001 -3,70087e+006 -4,40447e+006  5,75290e+006  1,19012e+000 -1,11823e-007 -1,33082e-007  1,73826e-007
CFRP_f1_100_5_1N, 17.04.2021 18:17:45
