         Index            Ts             t             f             F             x         Phase            F0            x0            Tr            M'            M"            M*     tan_delta            C'            C"            C*
           [#]          [°C]           [s]          [Hz]           [N]          [um]         [rad]           [N]          [um]          [°C]         [MPa]         [MPa]         [MPa]            []       [1/MPa]       [1/MPa]       [1/MPa]
             0  2,23702e+001  2,10000e+001  9,99999e-001  2,65000e-001  2,92472e+002  5,90030e-001  2,75000e-001  7,11977e+002  2,50000e+001  2,14872e+002  1,43865e+002  2,58587e+002  6,69540e-001  3,21341e-003  2,15151e-003  3,86717e-003
             1  2,23634e+001  4,10000e+001  6,00000e+000  1,57182e-001  5,28632e+000  1,15221e+000  1,04687e-001  1,06771e+003  2,50000e+001  3,38823e+003  7,82335e+003  8,52554e+003  2,30898e+000  4,66152e-005  1,07634e-004  1,17295e-004
             2  2,28901e+001  5,90000e+001  1,10000e+001  1,55000e-001  5,69705e-001  8,07338e-001 -3,05625e-002  1,26888e+003  2,50000e+001  5,26166e+004  6,53621e+004  8,39089e+004  1,24223e+000  7,47320e-006  9,28345e-006  1,19177e-005
             3  2,29761e+001  6,20000e+001  1,60000e+001  1,55000e-001  2,85378e-001  4,39267e-001 -1,27355e-001  1,35279e+003  2,50000e+001  1,64510e+005  1,01942e+005  1,93535e+005  6,19669e-001  4,39211e-006  2,72166e-006  5,16702e-006
             4  2,29594e+001  6,30000e+001  2,10000e+001  1,55000e-001  2,07313e-001  1,62748e-001 -2,11003e-001  1,40895e+003  2,50000e+001  2,99258e+005  6,94395e+004  3,07209e+005  2,32039e-001  3,17087e-006  7,35766e-007  3,25512e-006
             5  2,28827e+001  6,50000e+001  2,60000e+001  1,55000e-001  1,42698e-001  2,40397e-001 -2,92369e-001  1,48763e+003  2,50000e+001  4,96692e+005  2,21272e+005  5,43750e+005  4,45490e-001  1,67992e-006  7,48388e-007  1,83908e-006
             6  2,30246e+001  8,10000e+001  3,10000e+001  1,50000e-001  1,09686e-001  1,16832e-001 -3,71501e-001  1,54725e+003  2,50000e+001  8,61623e+005  2,21089e+005  8,89536e+005  2,56595e-001  1,08891e-006  2,79408e-007  1,12418e-006
             7  2,29429e+001  8,30000e+001  3,60000e+001  1,50000e-001  1,10775e-001  5,73569e-002 -4,28091e-001  1,56540e+003  2,50000e+001  8,76443e+005  9,76020e+004  8,81861e+005  1,11362e-001  1,12700e-006  1,25504e-007  1,13397e-006
             8  2,28970e+001  8,40000e+001  4,10000e+001  1,50000e-001  1,18645e-001  1,09744e-001 -4,71853e-001  1,56859e+003  2,50000e+001  7,35658e+005  1,56074e+005  7,52032e+005  2,12155e-001  1,30078e-006  2,75967e-007  1,32973e-006
             9  2,28668e+001  8,60000e+001  4,60000e+001  1,50000e-001  1,25639e-001  1,63723e-001 -5,13744e-001  1,57160e+003  2,50000e+001  6,31969e+005  1,95129e+005  6,61408e+005  3,08764e-001  1,44463e-006  4,46050e-007  1,51193e-006
            10  2,29596e+001  1,04000e+002  5,10000e+001  7,81569e-003  7,10307e-003  2,04965e-001 -5,55223e-001  1,57451e+003  2,50000e+001  5,28245e+005  1,92833e+005  5,62341e+005  3,65044e-001  1,67046e-006  6,09792e-007  1,77828e-006
            11  2,29570e+001  1,05000e+002  5,60000e+001  4,63469e-003  4,62013e-003  1,46476e-001 -5,83420e-001  1,57635e+003  2,50000e+001  4,72808e+005  1,08962e+005  4,85201e+005  2,30457e-001  2,00836e-006  4,62840e-007  2,06100e-006
            12  2,29718e+001  1,07000e+002  6,10000e+001  5,87489e-003  6,45525e-003 -1,10266e-001 -6,04477e-001  1,57765e+003  2,50000e+001  4,05537e+005 -8,25867e+004  4,13861e+005 -2,03648e-001  2,36767e-006 -4,82171e-007  2,41627e-006
            13  2,29655e+001  1,08000e+002  6,60000e+001  4,47759e-003  5,48769e-003 -4,88185e-001 -6,25609e-001  1,57894e+003  2,50000e+001  2,39040e+005 -2,15453e+005  3,21808e+005 -9,01325e-001  2,30822e-006 -2,08046e-006  3,10744e-006
            14  2,27782e+001  1,25000e+002  7,10000e+001  5,44272e-003  7,41986e-003 -8,40931e-001 -6,46413e-001  1,58020e+003  2,50000e+001  1,04869e+005 -2,27552e+005  2,50554e+005 -2,16988e+000  1,67048e-006 -3,62474e-006  3,99115e-006
            15  2,27553e+001  1,26000e+002  7,60000e+001  4,29379e-003  6,48846e-003 -1,31349e+000 -6,60651e-001  1,58102e+003  2,50000e+001 -7,68608e+003 -1,93483e+005  1,93635e+005  2,51731e+001 -2,04992e-007 -5,16028e-006  5,16435e-006
            16  2,27275e+001  1,28000e+002  8,10000e+001  3,07599e-003  5,08967e-003 -1,08806e+000 -6,72047e-001  1,58165e+003  2,50000e+001  4,00511e+004 -1,83363e+005  1,87686e+005 -4,57822e+000  1,13697e-006 -5,20532e-006  5,32805e-006
            17  2,27069e+001  1,29000e+002  8,60000e+001  5,89811e-003  1,05826e-002 -2,92386e-001 -6,84301e-001  1,58233e+003  2,50000e+001  1,85985e+005 -7,96972e+004  2,02341e+005 -4,28515e-001  4,54264e-006 -1,94659e-006  4,94215e-006
            18  2,25573e+001  1,47000e+002  9,10000e+001  4,87972e-003  9,42801e-003  2,19923e-001 -6,94821e-001  1,58290e+003  2,50000e+001  1,80258e+005  4,61846e+004  1,86081e+005  2,56214e-001  5,20586e-006  1,33381e-006  5,37402e-006
            19  2,25275e+001  1,49000e+002  9,60000e+001  4,80028e-003  9,87407e-003 -1,75809e-001 -7,01786e-001  1,58327e+003  2,50000e+001  1,66606e+005 -4,24050e+004  1,71918e+005 -2,54523e-001  5,63701e-006 -1,43475e-006  5,81674e-006
            20  2,25118e+001  1,50000e+002  1,01000e+002  5,00000e-003  6,41203e-003 -3,63674e-001 -7,06786e-001  1,58352e+003  2,50000e+001  2,63436e+005 -1,65745e+005  3,11239e+005 -6,29163e-001  2,71948e-006 -1,71100e-006  3,21296e-006
CFRP_f1_100_5_1N, 17.04.2021 19:20:37
