         Index            Ts             t             f             F             x         Phase            F0            x0            Tr            M'            M"            M*     tan_delta            C'            C"            C*
           [#]          [°C]           [s]          [Hz]           [N]          [um]         [rad]           [N]          [um]          [°C]         [MPa]         [MPa]         [MPa]            []       [1/MPa]       [1/MPa]       [1/MPa]
             0  2,24962e+001  9,90000e+001  9,99999e-001  2,20000e-001  3,64449e+000  9,90204e-001 -1,28500e+000  1,60275e+003  2,50000e+001  4,13334e+005  6,59963e+005  7,78715e+005  1,59668e+000  6,81623e-007  1,08834e-006  1,28417e-006
             1  2,24024e+001  1,16000e+002  6,00000e+000  1,58839e-001  2,63216e+000  1,44162e+000 -8,28750e-001  1,57955e+003  2,50000e+001  8,12212e+004  7,65869e+005  7,70164e+005  9,42943e+000  1,36931e-007  1,29118e-006  1,29842e-006
             2  2,23555e+001  1,34000e+002  1,10000e+001  3,07488e-001  1,11244e+000  1,00132e+000 -7,45000e-001  1,57555e+003  2,50000e+001  1,68752e+006  3,32766e+006  3,73109e+006  1,97192e+000  1,21221e-007  2,39038e-007  2,68018e-007
             3  2,23533e+001  1,35000e+002  1,60000e+001  1,55000e-001  2,88371e-001  5,91424e-001 -7,24294e-001  1,57461e+003  2,50000e+001  6,14260e+006  5,59527e+006  8,30895e+006  9,10897e-001  8,89734e-008  8,10455e-008  1,20352e-007
             4  2,23468e+001  1,37000e+002  2,10000e+001  1,55000e-001  2,05214e-001  1,23187e-001 -7,07981e-001  1,57386e+003  2,50000e+001  1,37487e+007  2,38568e+006  1,39542e+007  1,73520e-001  7,06080e-008  1,22519e-008  7,16631e-008
             5  2,23474e+001  1,38000e+002  2,60000e+001  1,55000e-001  1,92210e-001  1,11762e-001 -6,67244e-001  1,57186e+003  2,50000e+001  1,51875e+007  2,42462e+006  1,53798e+007  1,59646e-001  6,42073e-008  1,02504e-008  6,50204e-008
             6  2,23209e+001  1,55000e+002  3,10000e+001  1,50000e-001  1,60711e-001  3,91136e-002 -6,63957e-001  1,57178e+003  2,50000e+001  1,93816e+007  9,98128e+005  1,94073e+007  5,14988e-002  5,14589e-008  2,65007e-009  5,15271e-008
             7  2,23107e+001  1,58000e+002  3,60000e+001  1,50000e-001  1,54537e-001 -3,76342e-002 -6,78404e-001  1,57256e+003  2,50000e+001  2,06254e+007 -1,61225e+006  2,06883e+007 -7,81680e-002  4,81895e-008 -3,76688e-009  4,83365e-008
             8  2,23081e+001  1,59000e+002  4,10000e+001  1,50000e-001  1,63780e-001 -4,44317e-002 -6,86692e-001  1,57298e+003  2,50000e+001  1,87184e+007 -1,65312e+006  1,87913e+007 -8,83154e-002  5,30099e-008 -4,68159e-009  5,32162e-008
             9  2,23081e+001  1,61000e+002  4,60000e+001  1,50000e-001  1,82286e-001  8,64692e-002 -6,92018e-001  1,57326e+003  2,50000e+001  1,57697e+007  1,80762e+006  1,58730e+007  1,14626e-001  6,25903e-008  7,17445e-009  6,30001e-008
            10  2,25305e+001  1,77000e+002  5,10000e+001  5,26825e-003  7,41438e-003  3,16773e-001 -6,95324e-001  1,57344e+003  2,50000e+001  1,13635e+007  5,16897e+006  1,24839e+007  4,54875e-001  7,29142e-008  3,31668e-008  8,01032e-008
            11  2,24985e+001  1,79000e+002  5,60000e+001  7,33840e-003  1,20568e-002  6,36711e-001 -6,96070e-001  1,57351e+003  2,50000e+001  6,62234e+006  6,91092e+006  9,57164e+006  1,04358e+000  7,22835e-008  7,54334e-008  1,04475e-007
            12  2,24872e+001  1,80000e+002  6,10000e+001  6,02751e-003  1,12400e-002  8,58048e-001 -6,95990e-001  1,57354e+003  2,50000e+001  4,00048e+006  6,75416e+006  7,85000e+006  1,68834e+000  6,49191e-008  1,09605e-007  1,27388e-007
            13  2,24728e+001  1,82000e+002  6,60000e+001  3,61401e-003  7,53551e-003  9,91070e-001 -6,95737e-001  1,57356e+003  2,50000e+001  2,70200e+006  6,17767e+006  6,74273e+006  2,28633e+000  5,94311e-008  1,35879e-007  1,48308e-007
            14  2,26961e+001  1,98000e+002  7,10000e+001  4,80487e-003  1,07717e-002  6,45340e-001 -6,94808e-001  1,57356e+003  2,50000e+001  4,81168e+006  4,52987e+006  6,60848e+006  9,41432e-001  1,10178e-007  1,03725e-007  1,51321e-007
            15  2,26648e+001  2,00000e+002  7,60000e+001  5,99304e-003  1,22530e-002  1,07724e-002 -6,92198e-001  1,57349e+003  2,50000e+001  7,78970e+006 -7,79024e+004  7,79008e+006 -1,00007e-002  1,28362e-007 -1,28371e-009  1,28368e-007
            16  2,26469e+001  2,01000e+002  8,10000e+001  4,30228e-003  8,10736e-003 -6,59474e-001 -6,88791e-001  1,57339e+003  2,50000e+001  5,31891e+006 -5,99446e+006  8,01401e+006 -1,12701e+000  8,28176e-008 -9,33362e-008  1,24781e-007
            17  2,25930e+001  2,04000e+002  8,60000e+001  6,73714e-003  1,14938e-002 -3,03441e-001 -6,85164e-001  1,57328e+003  2,50000e+001  8,75674e+006 -3,96507e+006  9,61261e+006 -4,52802e-001  9,47676e-008 -4,29109e-008  1,04030e-007
            18  2,27087e+001  2,21000e+002  9,10000e+001  6,93009e-003  1,00979e-002 -4,18328e-001 -6,82244e-001  1,57321e+003  2,50000e+001  9,52458e+006 -6,55763e+006  1,15637e+007 -6,88495e-001  7,12277e-008 -4,90399e-008  8,64772e-008
            19  2,26837e+001  2,22000e+002  9,60000e+001  3,83698e-003  4,19973e-003 -8,29373e-001 -6,80643e-001  1,57320e+003  2,50000e+001  5,00204e+006 -1,35169e+007  1,44128e+007 -2,70228e+000  2,40798e-008 -6,50704e-008  6,93830e-008
            20  2,26354e+001  2,24000e+002  1,01000e+002  5,00000e-003  2,23538e-002  1,65682e-002 -6,79643e-001  1,57321e+003  2,50000e+001  3,12227e+006 -2,86579e+004  3,12240e+006 -9,17854e-003  3,20253e-007 -2,93945e-009  3,20266e-007
CFRP_f1_100_5_1N, 17.04.2021 18:11:24
