         Index            Ts             t             f             F             x         Phase            F0            x0            Tr            M'            M"            M*     tan_delta            C'            C"            C*
           [#]          [°C]           [s]          [Hz]           [N]          [um]         [rad]           [N]          [um]          [°C]         [MPa]         [MPa]         [MPa]            []       [1/MPa]       [1/MPa]       [1/MPa]
             0  2,25397e+001  1,02000e+002  9,99999e-001  2,30000e-001  2,53320e+000  8,53239e-001 -5,75000e-001  1,62086e+003  2,50000e+001  7,52589e+005  9,14459e+005  1,18432e+006  1,21508e+000  5,36558e-007  6,51963e-007  8,44363e-007
             1  2,23827e+001  1,19000e+002  6,00000e+000  1,75184e-001  2,12438e+000  1,37191e+000 -2,50000e-001  1,60167e+003  2,50000e+001  1,74987e+005  1,04135e+006  1,05595e+006  5,95103e+000  1,56934e-007  9,33920e-007  9,47014e-007
             2  2,23468e+001  1,37000e+002  1,10000e+001  2,83709e-001  8,11910e-001  1,08786e+000 -1,93758e-001  1,59840e+003  2,50000e+001  1,61336e+006  4,44160e+006  4,72554e+006  2,75301e+000  7,22485e-008  1,98901e-007  2,11616e-007
             3  2,23427e+001  1,39000e+002  1,60000e+001  1,55000e-001  2,37004e-001  7,69485e-001 -1,80363e-001  1,59771e+003  2,50000e+001  5,47847e+006  8,46172e+006  1,00804e+007  1,54454e+000  5,39144e-008  8,32729e-008  9,92025e-008
             4  2,23436e+001  1,40000e+002  2,10000e+001  1,55000e-001  1,68587e-001  4,02722e-001 -1,69393e-001  1,59718e+003  2,50000e+001  1,43145e+007  1,02794e+007  1,76230e+007  7,18109e-001  4,60910e-008  3,30983e-008  5,67440e-008
             5  2,23342e+001  1,42000e+002  2,60000e+001  1,55000e-001  1,44688e-001  3,32195e-001 -1,41118e-001  1,59561e+003  2,50000e+001  1,93126e+007  1,23295e+007  2,29127e+007  6,38418e-001  3,67864e-008  2,34851e-008  4,36439e-008
             6  2,23231e+001  1,58000e+002  3,10000e+001  1,55000e-001  1,18798e-001  2,72054e-001 -1,39384e-001  1,59563e+003  2,50000e+001  2,84239e+007  1,76016e+007  3,34325e+007  6,19253e-001  2,54300e-008  1,57476e-008  2,99110e-008
             7  2,23170e+001  1,60000e+002  3,60000e+001  1,55000e-001  1,16992e-001  5,01362e-001 -1,49060e-001  1,59631e+003  2,50000e+001  1,67182e+007  2,39801e+007  2,92326e+007  1,43437e+000  1,95639e-008  2,80619e-008  3,42084e-008
             8  2,23183e+001  1,61000e+002  4,10000e+001  1,55000e-001  1,28864e-001  5,15424e-001 -1,53885e-001  1,59670e+003  2,50000e+001  1,52895e+007  1,97689e+007  2,49916e+007  1,29297e+000  2,44798e-008  3,16515e-008  4,00135e-008
             9  2,23079e+001  1,64000e+002  4,60000e+001  1,55000e-001  1,53077e-001  3,26969e-001 -1,56988e-001  1,59700e+003  2,50000e+001  1,80967e+007  1,06139e+007  2,09796e+007  5,86509e-001  4,11153e-008  2,41145e-008  4,76653e-008
            10  2,24251e+001  1,81000e+002  5,10000e+001  4,55333e-003  5,42375e-003 -1,47161e-001 -1,59464e-001  1,59729e+003  2,50000e+001  1,57455e+007 -3,92558e+006  1,62275e+007 -2,49314e-001  5,97935e-008 -1,49074e-008  6,16238e-008
            11  2,24160e+001  1,82000e+002  5,60000e+001  5,42890e-003  7,82865e-003 -6,96517e-001 -1,60550e-001  1,59749e+003  2,50000e+001  6,40853e+006 -8,89674e+006  1,09645e+007 -1,38826e+000  5,33062e-008 -7,40031e-008  9,12031e-008
            12  2,24051e+001  1,84000e+002  6,10000e+001  7,12853e-003  1,22295e-002 -1,17646e+000 -1,61078e-001  1,59763e+003  2,50000e+001  1,07699e+006 -7,82286e+006  7,89665e+006 -7,26366e+000  1,72713e-008 -1,25453e-007  1,26636e-007
            13  2,23962e+001  1,85000e+002  6,60000e+001  2,62424e-003  5,14558e-003 -8,55807e-001 -1,60329e-001  1,59772e+003  2,50000e+001  3,61679e+006 -6,42185e+006  7,37030e+006 -1,77557e+000  6,65813e-008 -1,18220e-007  1,35680e-007
            14  2,23751e+001  2,02000e+002  7,10000e+001  5,02540e-003  1,08967e-002  1,62146e-001 -1,56367e-001  1,59767e+003  2,50000e+001  7,10604e+006  1,28363e+006  7,22104e+006  1,80639e-001  1,36279e-007  2,46173e-008  1,38484e-007
            15  2,23751e+001  2,03000e+002  7,60000e+001  5,42467e-003  1,21403e-002  1,39061e+000 -1,50444e-001  1,59750e+003  2,50000e+001  7,07396e+004  5,78399e+006  5,78442e+006  8,17646e+001  2,11418e-009  1,72865e-007  1,72878e-007
            16  2,23647e+001  2,06000e+002  8,10000e+001  5,41267e-003  1,21243e-002  1,95887e+000 -1,43998e-001  1,59730e+003  2,50000e+001 -2,64432e+006  4,52496e+006  5,24096e+006 -1,71120e+000 -9,62701e-008  1,64738e-007  1,90805e-007
            17  2,23584e+001  2,08000e+002  8,60000e+001  4,21630e-003  9,03206e-003  1,90432e+000 -1,36546e-001  1,59707e+003  2,50000e+001 -2,56448e+006  4,87064e+006  5,50451e+006 -1,89927e+000 -8,46373e-008  1,60749e-007  1,81669e-007
            18  2,23318e+001  2,24000e+002  9,10000e+001  5,45039e-003  1,11197e-002  1,10155e+000 -1,27336e-001  1,59674e+003  2,50000e+001  1,96587e+006  6,44908e+006  6,74205e+006  3,28053e+000  4,32483e-008  1,41878e-007  1,48323e-007
            19  2,23266e+001  2,26000e+002  9,60000e+001  4,97829e-003  9,63972e-003 -1,34619e-001 -1,16429e-001  1,59631e+003  2,50000e+001  8,12447e+006 -1,65603e+006  8,29153e+006 -2,03833e-001  1,18175e-007 -2,40880e-008  1,20605e-007
            20  2,23286e+001  2,27000e+002  1,01000e+002  5,00000e-003  2,75763e-002 -3,67772e-001 -1,06429e-001  1,59592e+003  2,50000e+001  2,24860e+006 -1,01380e+006  2,46657e+006 -4,50860e-001  3,69593e-007 -1,66634e-007  4,05421e-007
CFRP_f1_100_5_1N, 17.04.2021 18:06:09
