         Index            Ts             t             f             F             x         Phase            F0            x0            Tr            M'            M"            M*     tan_delta            C'            C"            C*
           [#]          [°C]           [s]          [Hz]           [N]          [um]         [rad]           [N]          [um]          [°C]         [MPa]         [MPa]         [MPa]            []       [1/MPa]       [1/MPa]       [1/MPa]
             0  2,23505e+001  1,06000e+002  9,99999e-001  2,65000e-001  2,78945e-002  2,54288e-001  4,20000e-001  1,58203e+003  2,50000e+001 -4,01575e+007  3,37616e+006  4,02991e+007 -8,40729e-002 -2,47272e-008  2,07889e-009  2,48144e-008
             1  2,25120e+001  1,23000e+002  6,00000e+000  3,50979e-001  7,96528e-001  1,31459e+000  6,51250e-001  1,56389e+003  2,50000e+001  4,25268e+005  5,76710e+006  5,78276e+006  1,35611e+001  1,27172e-008  1,72460e-007  1,72928e-007
             2  2,26941e+001  1,41000e+002  1,10000e+001  5,14876e-001  4,22456e-001  9,70474e-001  6,97852e-001  1,56058e+003  2,50000e+001  1,35345e+006  1,87313e+007  1,87802e+007  1,38397e+001  3,83745e-009  5,31092e-008  5,32477e-008
             3  2,26787e+001  1,42000e+002  1,60000e+001  1,65000e-001  7,23851e-002  5,79748e-001  7,12473e-001  1,55982e+003  2,50000e+001 -1,03919e+007  5,11534e+007  5,21983e+007 -4,92242e+000 -3,81402e-009  1,87742e-008  1,91577e-008
             4  2,26446e+001  1,44000e+002  2,10000e+001  1,65000e-001  6,31786e-002  9,40728e-002  7,23575e-001  1,55928e+003  2,50000e+001 -1,87049e+008  1,81331e+008  2,60515e+008 -9,69430e-001 -2,75607e-009  2,67181e-009  3,83855e-009
             5  2,26326e+001  1,45000e+002  2,60000e+001  1,65000e-001  5,63489e-002  2,42390e-001  7,43068e-001  1,55797e+003  2,50000e+001 -7,95433e+007  7,52800e+007  1,09518e+008 -9,46403e-001 -6,63180e-009  6,27636e-009  9,13091e-009
             6  2,28673e+001  1,62000e+002  3,10000e+001  1,60000e-001  4,37680e-002  1,12411e-001  7,34982e-001  1,55876e+003  2,50000e+001 -8,48108e+007  1,68124e+007  8,64612e+007 -1,98234e-001 -1,13451e-008  2,24899e-009  1,15659e-008
             7  2,27904e+001  1,65000e+002  3,60000e+001  1,60000e-001  5,04193e-002 -9,36233e-002  7,12558e-001  1,56050e+003  2,50000e+001 -1,12610e+008 -3,53143e+007  1,18017e+008  3,13599e-001 -8,08511e-009 -2,53548e-009  8,47335e-009
             8  2,27704e+001  1,66000e+002  4,10000e+001  1,60000e-001  5,57580e-002 -1,75581e-001  6,92834e-001  1,56197e+003  2,50000e+001 -9,79030e+007 -8,54501e+007  1,29949e+008  8,72804e-001 -5,79763e-009 -5,06020e-009  7,69533e-009
             9  2,27356e+001  1,68000e+002  4,60000e+001  1,60000e-001  5,86990e-002 -3,86311e-001  6,75655e-001  1,56330e+003  2,50000e+001 -3,77182e+007 -6,88007e+007  7,84614e+007  1,82407e+000 -6,12686e-009 -1,11758e-008  1,27451e-008
            10  2,26930e+001  1,84000e+002  5,10000e+001  1,05751e-002  4,36610e-003 -3,31931e-001  6,61378e-001  1,56446e+003  2,50000e+001 -1,72629e+007 -8,77525e+007  8,94344e+007  5,08331e+000 -2,15826e-009 -1,09711e-008  1,11814e-008
            11  2,26641e+001  1,86000e+002  5,60000e+001  9,02686e-003  4,10598e-003 -1,26982e-001  6,48483e-001  1,56546e+003  2,50000e+001  8,31723e+007 -1,54209e+008  1,75208e+008 -1,85409e+000  2,70938e-009 -5,02342e-009  5,70749e-009
            12  2,26506e+001  1,87000e+002  6,10000e+001  6,01222e-003  3,09756e-003  4,09600e-001  6,35973e-001  1,56640e+003  2,50000e+001  1,77504e+007  5,87825e+007  6,14041e+007  3,31162e+000  4,70775e-009  1,55903e-008  1,62856e-008
            13  2,26215e+001  1,89000e+002  6,60000e+001  4,58547e-003  2,78487e-003  4,99221e-001  6,24275e-001  1,56732e+003  2,50000e+001  1,64229e+007  3,79140e+007  4,13181e+007  2,30861e+000  9,61986e-009  2,22085e-008  2,42025e-008
            14  2,25495e+001  2,07000e+002  7,10000e+001  4,97507e-003  3,48910e-003  5,94815e-001  6,15652e-001  1,56813e+003  2,50000e+001  1,24051e+007  2,75909e+007  3,02513e+007  2,22416e+000  1,35553e-008  3,01493e-008  3,30564e-008
            15  2,25406e+001  2,08000e+002  7,60000e+001  2,39214e-003  2,04222e-003  5,14091e-001  6,17268e-001  1,56827e+003  2,50000e+001  1,53595e+007  1,85683e+007  2,40976e+007  1,20891e+000  2,64501e-008  3,19759e-008  4,14978e-008
            16  2,25221e+001  2,10000e+002  8,10000e+001  1,79449e-003  1,67224e-003  1,49919e+000  6,23518e-001  1,56812e+003  2,50000e+001 -4,31640e+006  1,21359e+007  1,28807e+007 -2,81159e+000 -2,60161e-008  7,31467e-008  7,76355e-008
            17  2,25147e+001  2,11000e+002  8,60000e+001  6,18045e-003  6,83718e-003  1,27322e+000  6,30184e-001  1,56797e+003  2,50000e+001 -7,82706e+005  1,20207e+007  1,20461e+007 -1,53579e+001 -5,39390e-009  8,28388e-008  8,30142e-008
            18  2,26005e+001  2,28000e+002  9,10000e+001  5,11232e-003  7,55291e-003  1,47625e+000  6,35616e-001  1,56793e+003  2,50000e+001 -1,38993e+006  8,40954e+006  8,52363e+006 -6,05034e+000 -1,91313e-008  1,15751e-007  1,17321e-007
            19  2,25884e+001  2,29000e+002  9,60000e+001  4,76441e-003  1,00385e-002  1,86069e+000  6,38714e-001  1,56805e+003  2,50000e+001 -2,42140e+006  5,07899e+006  5,62666e+006 -2,09754e+000 -7,64831e-008  1,60426e-007  1,77725e-007
            20  2,25929e+001  2,31000e+002  1,01000e+002  5,00000e-003  1,25926e-002 -3,24623e-001  6,40714e-001  1,56819e+003  2,50000e+001  5,42916e+006 -2,39919e+006  5,93565e+006 -4,41907e-001  1,54098e-007 -6,80970e-008  1,68474e-007
CFRP_f1_100_5_1N, 17.04.2021 17:45:25
