         Index            Ts             t             f             F             x         Phase            F0            x0            Tr            M'            M"            M*     tan_delta            C'            C"            C*
           [#]          [°C]           [s]          [Hz]           [N]          [um]         [rad]           [N]          [um]          [°C]         [MPa]         [MPa]         [MPa]            []       [1/MPa]       [1/MPa]       [1/MPa]
             0  2,18152e+001  8,10000e+001  9,99998e-003  2,70000e-001  3,10185e+001  1,41565e-001  8,45000e-001  5,91793e+002  2,50000e+001  2,49678e+004  3,56082e+003  2,52205e+004  1,42616e-001  3,92532e-005  5,59814e-006  3,96503e-005
             1  2,17776e+001  1,51000e+002  5,01000e+000  1,45625e-001  1,77225e+001  1,46276e-001  7,85625e-001  5,97301e+002  2,50000e+001  2,35512e+004  3,45162e+003  2,38028e+004  1,46558e-001  4,15678e-005  6,09211e-006  4,20119e-005
             2  2,17998e+001  1,59000e+002  1,00100e+001  1,40659e-001  1,75187e+001  1,32820e-001  7,68578e-001  5,93473e+002  2,50000e+001  2,30576e+004  3,03265e+003  2,32562e+004  1,31525e-001  4,26321e-005  5,60718e-006  4,29993e-005
             3  2,18079e+001  1,67000e+002  1,50100e+001  1,36620e-001  1,79534e+001  1,02058e-001  7,63343e-001  5,91201e+002  2,50000e+001  2,19296e+004  2,17058e+003  2,20368e+004  9,89797e-002  4,51581e-005  4,46973e-006  4,53787e-005
             4  2,18203e+001  1,79000e+002  2,00100e+001  5,02520e-001  6,75355e+001  8,76069e-002  7,59332e-001  5,89609e+002  2,50000e+001  2,14706e+004  1,78443e+003  2,15446e+004  8,31104e-002  4,62558e-005  3,84434e-006  4,64153e-005
             5  2,18131e+001  1,90000e+002  2,50100e+001  5,06197e-001  6,80640e+001  8,63839e-002  7,52648e-001  5,88490e+002  2,50000e+001  2,14618e+004  1,73047e+003  2,15315e+004  8,06300e-002  4,62934e-005  3,73264e-006  4,64436e-005
             6  2,18207e+001  1,94000e+002  3,00100e+001  5,00565e-001  6,84074e+001  7,28237e-002  7,50327e-001  5,87041e+002  2,50000e+001  2,11358e+004  1,38881e+003  2,11814e+004  6,57089e-002  4,71097e-005  3,09553e-006  4,72113e-005
             7  2,18483e+001  2,03000e+002  3,50100e+001  4,96443e-001  6,82894e+001  7,31991e-002  7,50039e-001  5,85833e+002  2,50000e+001  2,09955e+004  1,36143e+003  2,10396e+004  6,48436e-002  4,74297e-005  3,07551e-006  4,75293e-005
             8  2,18577e+001  2,06000e+002  4,00100e+001  4,99024e-001  6,90175e+001  7,67350e-002  7,48790e-001  5,85411e+002  2,50000e+001  2,08749e+004  1,40200e+003  2,09220e+004  6,71621e-002  4,76892e-005  3,20291e-006  4,77967e-005
             9  2,18792e+001  2,18000e+002  4,50100e+001  4,91626e-001  6,83083e+001  8,16239e-002  7,47448e-001  5,85726e+002  2,50000e+001  2,07693e+004  1,47141e+003  2,08214e+004  7,08451e-002  4,79075e-005  3,39401e-006  4,80275e-005
            10  2,18879e+001  2,23000e+002  5,00100e+001  4,90956e-001  6,83653e+001  8,68267e-002  7,48059e-001  5,86242e+002  2,50000e+001  2,07130e+004  1,55032e+003  2,07710e+004  7,48474e-002  4,80098e-005  3,59341e-006  4,81441e-005
            11  2,18807e+001  2,32000e+002  5,50100e+001  4,95058e-001  6,91170e+001  9,24334e-002  7,48334e-001  5,86619e+002  2,50000e+001  2,06467e+004  1,63645e+003  2,07115e+004  7,92595e-002  4,81314e-005  3,81487e-006  4,82824e-005
            12  2,18761e+001  2,36000e+002  6,00100e+001  5,02926e-001  7,04920e+001  9,83281e-002  7,48019e-001  5,86826e+002  2,50000e+001  2,05522e+004  1,72567e+003  2,06245e+004  8,39653e-002  4,83160e-005  4,05687e-006  4,84860e-005
            13  2,17972e+001  2,53000e+002  6,50100e+001  5,03138e-001  7,09564e+001  1,05907e-001  7,47738e-001  5,87027e+002  2,50000e+001  2,04086e+004  1,84446e+003  2,04918e+004  9,03767e-002  4,86019e-005  4,39248e-006  4,88000e-005
            14  2,17744e+001  2,62000e+002  7,00100e+001  4,89512e-001  6,96060e+001  1,13343e-001  7,46467e-001  5,87349e+002  2,50000e+001  2,02225e+004  1,95452e+003  2,03168e+004  9,66503e-002  4,89921e-005  4,73510e-006  4,92204e-005
            15  2,17642e+001  2,74000e+002  7,50100e+001  4,93935e-001  7,09862e+001  1,18724e-001  7,45540e-001  5,87306e+002  2,50000e+001  1,99929e+004  2,01628e+003  2,00943e+004  1,00850e-001  4,95141e-005  4,99348e-006  4,97652e-005
            16  2,17663e+001  2,86000e+002  8,00100e+001  4,78958e-001  6,99151e+001  1,22652e-001  7,46049e-001  5,87231e+002  2,50000e+001  1,96703e+004  2,03739e+003  1,97756e+004  1,03577e-001  5,02983e-005  5,20975e-006  5,05674e-005
            17  2,17620e+001  2,96000e+002  8,50100e+001  4,87644e-001  7,21470e+001  1,22810e-001  7,46975e-001  5,87042e+002  2,50000e+001  1,94016e+004  1,98837e+003  1,95032e+004  1,02485e-001  5,10065e-005  5,22742e-006  5,12737e-005
            18  2,17520e+001  3,10000e+002  9,00100e+001  4,85535e-001  7,29373e+001  1,23282e-001  7,47981e-001  5,86685e+002  2,50000e+001  1,91012e+004  1,94282e+003  1,91998e+004  1,01712e-001  5,18166e-005  5,27035e-006  5,20839e-005
            19  2,17396e+001  3,25000e+002  9,50100e+001  4,70964e-001  7,19885e+001  1,29373e-001  7,48589e-001  5,86429e+002  2,50000e+001  1,87537e+004  1,99977e+003  1,88601e+004  1,06633e-001  5,27232e-005  5,62203e-006  5,30221e-005
            20  2,17424e+001  3,37000e+002  1,00010e+002  4,90835e-001  7,61955e+001  1,37835e-001  7,50238e-001  5,86728e+002  2,50000e+001  1,84420e+004  2,10178e+003  1,85614e+004  1,13967e-001  5,35288e-005  6,10053e-006  5,38753e-005
£cfrp_0.5N_1
