         Index            Ts             t             f             F             x         Phase            F0            x0            Tr            M'            M"            M*     tan_delta            C'            C"            C*
           [#]          [°C]           [s]          [Hz]           [N]          [um]         [rad]           [N]          [um]          [°C]         [MPa]         [MPa]         [MPa]            []       [1/MPa]       [1/MPa]       [1/MPa]
             0  2,16742e+001  8,10000e+001  9,99998e-003  2,75000e-001  3,22433e+001  1,72498e-001  8,45000e-001  5,91872e+002  2,50000e+001  2,43421e+004  4,24592e+003  2,47096e+004  1,74427e-001  3,98682e-005  6,95410e-006  4,04701e-005
             1  2,16802e+001  1,50000e+002  5,01000e+000  1,46622e-001  1,75627e+001  1,74742e-001  7,85625e-001  5,96283e+002  2,50000e+001  2,38193e+004  4,18913e+003  2,41848e+004  1,75872e-001  4,07232e-005  7,16206e-006  4,13482e-005
             2  2,16874e+001  1,58000e+002  1,00100e+001  1,40663e-001  1,78377e+001  1,74787e-001  7,69594e-001  5,92861e+002  2,50000e+001  2,24988e+004  3,92852e+003  2,28393e+004  1,74610e-001  4,31317e-005  7,53122e-006  4,37843e-005
             3  2,16742e+001  1,67000e+002  1,50100e+001  1,38423e-001  1,80864e+001  1,36891e-001  7,64049e-001  5,91359e+002  2,50000e+001  2,19660e+004  2,95226e+003  2,21635e+004  1,34402e-001  4,47172e-005  6,01006e-006  4,51193e-005
             4  2,16957e+001  1,79000e+002  2,00100e+001  5,03130e-001  6,70988e+001  8,76673e-002  7,59896e-001  5,90296e+002  2,50000e+001  2,16370e+004  1,79962e+003  2,17117e+004  8,31733e-002  4,58997e-005  3,81763e-006  4,60582e-005
             5  2,16837e+001  1,92000e+002  2,50100e+001  5,07273e-001  6,78257e+001  9,89559e-002  7,52082e-001  5,89303e+002  2,50000e+001  2,15596e+004  2,01231e+003  2,16533e+004  9,33370e-002  4,59824e-005  4,29186e-006  4,61822e-005
             6  2,16859e+001  1,95000e+002  3,00100e+001  4,98641e-001  6,72702e+001  7,99506e-002  7,49003e-001  5,88208e+002  2,50000e+001  2,14007e+004  1,55998e+003  2,14575e+004  7,28941e-002  4,64805e-005  3,38815e-006  4,66038e-005
             7  2,16955e+001  2,06000e+002  3,50100e+001  5,02892e-001  6,81563e+001  7,98889e-002  7,48749e-001  5,87654e+002  2,50000e+001  2,13010e+004  1,52489e+003  2,13555e+004  7,15875e-002  4,67068e-005  3,34362e-006  4,68263e-005
             8  2,17185e+001  2,09000e+002  4,00100e+001  5,02547e-001  6,82625e+001  8,60224e-002  7,48328e-001  5,87875e+002  2,50000e+001  2,12417e+004  1,62560e+003  2,13038e+004  7,65289e-002  4,68032e-005  3,58180e-006  4,69400e-005
             9  2,17070e+001  2,16000e+002  4,50100e+001  4,88355e-001  6,65125e+001  9,75470e-002  7,47897e-001  5,88632e+002  2,50000e+001  2,11627e+004  1,83945e+003  2,12425e+004  8,69195e-002  4,68987e-005  4,07641e-006  4,70755e-005
            10  2,17020e+001  2,21000e+002  5,00100e+001  5,07600e-001  6,92102e+001  1,07805e-001  7,47651e-001  5,90881e+002  2,50000e+001  2,11170e+004  2,02822e+003  2,12142e+004  9,60469e-002  4,69224e-005  4,50675e-006  4,71383e-005
            11  2,16829e+001  2,31000e+002  5,50100e+001  4,95920e-001  6,77844e+001  1,15065e-001  7,46860e-001  5,97431e+002  2,50000e+001  2,10471e+004  2,14997e+003  2,11566e+004  1,02150e-001  4,70218e-005  4,80330e-006  4,72665e-005
            12  2,16824e+001  2,39000e+002  6,00100e+001  5,08074e-001  6,97262e+001  1,26434e-001  7,45279e-001  6,09534e+002  2,50000e+001  2,09337e+004  2,35363e+003  2,10656e+004  1,12432e-001  4,71736e-005  5,30385e-006  4,74708e-005
            13  2,16687e+001  2,51000e+002  6,50100e+001  4,98357e-001  6,87098e+001  1,46356e-001  7,43610e-001  6,26065e+002  2,50000e+001  2,07830e+004  2,73203e+003  2,09618e+004  1,31455e-001  4,72989e-005  6,21766e-006  4,77058e-005
            14  2,16561e+001  2,63000e+002  7,00100e+001  4,92216e-001  6,81735e+001  1,82468e-001  7,42109e-001  6,46835e+002  2,50000e+001  2,05736e+004  3,44028e+003  2,08593e+004  1,67218e-001  4,72838e-005  7,90669e-006  4,79403e-005
            15  2,16489e+001  2,84000e+002  7,50100e+001  4,79382e-001  6,66798e+001  2,30056e-001  7,41638e-001  6,69722e+002  2,50000e+001  2,02971e+004  4,37227e+003  2,07627e+004  2,15413e-001  4,70833e-005  1,01424e-005  4,81633e-005
            16  2,16626e+001  3,06000e+002  8,00100e+001  4,66266e-001  6,48780e+001  2,88312e-001  7,41552e-001  6,93632e+002  2,50000e+001  1,99991e+004  5,52104e+003  2,07472e+004  2,76065e-001  4,64614e-005  1,28264e-005  4,81994e-005
            17  2,16635e+001  3,23000e+002  8,50100e+001  4,66066e-001  6,49873e+001  3,24838e-001  7,41209e-001  7,21640e+002  2,50000e+001  1,97412e+004  6,20950e+003  2,06948e+004  3,14545e-001  4,60949e-005  1,44989e-005  4,83214e-005
            18  2,16650e+001  3,45000e+002  9,00100e+001  4,68101e-001  6,53079e+001  3,36022e-001  7,41144e-001  7,52940e+002  2,50000e+001  1,96589e+004  6,39991e+003  2,06744e+004  3,25547e-001  4,59931e-005  1,49729e-005  4,83689e-005
            19  2,16709e+001  3,54000e+002  9,50100e+001  4,85048e-001  6,74179e+001  3,36837e-001  7,42491e-001  7,81621e+002  2,50000e+001  1,97275e+004  6,41322e+003  2,07438e+004  3,25090e-001  4,58455e-005  1,49039e-005  4,82073e-005
            20  2,16807e+001  3,68000e+002  1,00010e+002  4,73331e-001  6,51680e+001  3,44134e-001  7,46381e-001  7,98744e+002  2,50000e+001  1,98672e+004  6,59272e+003  2,09325e+004  3,31839e-001  4,53414e-005  1,50460e-005  4,77726e-005
£cfrp_0.5N_1
