         Index            Ts             t             f             F             x         Phase            F0            x0            Tr            M'            M"            M*     tan_delta            C'            C"            C*
           [#]          [°C]           [s]          [Hz]           [N]          [um]         [rad]           [N]          [um]          [°C]         [MPa]         [MPa]         [MPa]            []       [1/MPa]       [1/MPa]       [1/MPa]
             0  2,24662e+001  9,80000e+001  9,99999e-001  2,50000e-001  1,44019e-001  4,20992e-001 -6,65000e-001  1,59038e+003  2,50000e+001  2,06635e+007  4,44832e+007  4,90483e+007  2,15274e+000  8,58927e-009  1,84905e-008  2,03881e-008
             1  2,25442e+001  1,15000e+002  6,00000e+000  1,55000e-001  3,07403e-001  9,11896e-001 -4,15000e-001  1,57603e+003  2,50000e+001  3,29105e+006  6,44318e+006  7,23503e+006  1,95779e+000  6,28717e-008  1,23089e-007  1,38217e-007
             2  2,24424e+001  1,33000e+002  1,10000e+001  4,57842e-001  6,44863e-001  6,74633e-001 -3,65477e-001  1,57331e+003  2,50000e+001  7,04282e+006  9,00386e+006  1,14311e+007  1,27845e+000  5,38974e-008  6,89049e-008  8,74804e-008
             3  2,24309e+001  1,35000e+002  1,60000e+001  1,55000e-001  1,80701e-001  5,44129e-001 -3,49167e-001  1,57253e+003  2,50000e+001  1,06065e+007  1,09018e+007  1,52101e+007  1,02783e+000  4,58469e-008  4,71229e-008  6,57458e-008
             4  2,24281e+001  1,36000e+002  2,10000e+001  1,55000e-001  1,25777e-001  6,82062e-002 -3,38409e-001  1,57210e+003  2,50000e+001  3,18029e+007  4,13170e+006  3,20702e+007  1,29916e-001  3,09218e-008  4,01722e-009  3,11816e-008
             5  2,24190e+001  1,38000e+002  2,60000e+001  1,55000e-001  1,28669e-001  7,04382e-002 -3,11213e-001  1,57067e+003  2,50000e+001  3,03704e+007  3,91493e+006  3,06217e+007  1,28906e-001  3,23886e-008  4,17508e-009  3,26566e-008
             6  2,24181e+001  1,54000e+002  3,10000e+001  1,50000e-001  1,24497e-001 -3,36917e-002 -2,97203e-001  1,57001e+003  2,50000e+001  3,05924e+007 -2,54131e+006  3,06978e+007 -8,30700e-002  3,24638e-008 -2,69677e-009  3,25756e-008
             7  2,24609e+001  1,56000e+002  3,60000e+001  1,50000e-001  1,25803e-001  7,46436e-003 -2,94715e-001  1,57002e+003  2,50000e+001  3,01075e+007 -8,46826e+004  3,01076e+007 -2,81267e-003  3,32140e-008 -9,34203e-011  3,32142e-008
             8  2,24631e+001  1,59000e+002  4,10000e+001  1,50000e-001  1,29820e-001 -4,92907e-003 -2,89213e-001  1,56983e+003  2,50000e+001  2,82853e+007 -8,19853e+005  2,82972e+007 -2,89852e-002  3,53244e-008 -1,02388e-009  3,53392e-008
             9  2,24624e+001  1,60000e+002  4,60000e+001  1,50000e-001  1,45889e-001 -1,17625e-001 -2,81184e-001  1,56949e+003  2,50000e+001  2,20353e+007 -5,02638e+006  2,26013e+007 -2,28106e-001  4,31372e-008 -9,83983e-009  4,42452e-008
            10  2,24072e+001  1,77000e+002  5,10000e+001  6,97018e-003  7,41213e-003 -1,46481e-001 -2,72643e-001  1,56914e+003  2,50000e+001  1,87267e+007 -4,97552e+006  1,93764e+007 -2,65691e-001  4,98787e-008 -1,32523e-008  5,16092e-008
            11  2,24037e+001  1,78000e+002  5,60000e+001  4,18899e-003  4,76909e-003 -1,21720e-001 -2,63963e-001  1,56875e+003  2,50000e+001  1,70481e+007 -3,68275e+006  1,74414e+007 -2,16021e-001  5,60423e-008 -1,21063e-008  5,73350e-008
            12  2,24072e+001  1,80000e+002  6,10000e+001  5,57869e-003  6,79829e-003  2,96267e-001 -2,54552e-001  1,56828e+003  2,50000e+001  1,40143e+007  6,27838e+006  1,53564e+007  4,47996e-001  5,94282e-008  2,66236e-008  6,51193e-008
            13  2,24255e+001  1,81000e+002  6,60000e+001  3,58392e-003  4,57503e-003  3,53138e-001 -2,44218e-001  1,56776e+003  2,50000e+001  1,25154e+007  6,69197e+006  1,41921e+007  5,34700e-001  6,21367e-008  3,32245e-008  7,04616e-008
            14  2,24644e+001  1,98000e+002  7,10000e+001  5,99206e-003  7,76061e-003  4,74696e-001 -2,33305e-001  1,56721e+003  2,50000e+001  1,07190e+007  8,20852e+006  1,35010e+007  7,65788e-001  5,88061e-008  4,50330e-008  7,40685e-008
            15  2,25157e+001  1,99000e+002  7,60000e+001  4,58155e-003  5,57979e-003  3,13603e-001 -2,26596e-001  1,56689e+003  2,50000e+001  1,38407e+007  6,53239e+006  1,53048e+007  4,71969e-001  5,90883e-008  2,78878e-008  6,53388e-008
            16  2,26016e+001  2,01000e+002  8,10000e+001  6,33695e-003  7,45431e-003  5,86817e-001 -2,21939e-001  1,56668e+003  2,50000e+001  1,00014e+007  1,09474e+007  1,48281e+007  1,09459e+000  4,54871e-008  4,97897e-008  6,74395e-008
            17  2,25968e+001  2,04000e+002  8,60000e+001  5,27669e-003  5,70320e-003 -6,21034e-001 -2,16645e-001  1,56643e+003  2,50000e+001  9,18279e+006 -1,32003e+007  1,60802e+007 -1,43750e+000  3,55136e-008 -5,10509e-008  6,21885e-008
            18  2,24515e+001  2,20000e+002  9,10000e+001  5,26777e-003  4,98604e-003 -9,14060e-001 -2,10548e-001  1,56613e+003  2,50000e+001  3,07089e+006 -1,60388e+007  1,63301e+007 -5,22284e+000  1,15156e-008 -6,01440e-008  6,12365e-008
            19  2,24328e+001  2,22000e+002  9,60000e+001  4,50455e-003  3,67187e-003 -3,59969e-001 -2,03857e-001  1,56578e+003  2,50000e+001  2,06362e+007 -1,84568e+007  2,76858e+007 -8,94392e-001  2,69224e-008 -2,40792e-008  3,61196e-008
            20  2,24289e+001  2,23000e+002  1,01000e+002  5,00000e-003  9,86515e-003  5,83840e-001 -1,97857e-001  1,56545e+003  2,50000e+001  5,95093e+006  4,94865e+006  7,73968e+006  8,31577e-001  9,93432e-008  8,26115e-008  1,29204e-007
CFRP_f1_100_5_1N, 17.04.2021 17:53:22
