         Index            Ts             t             f             F             x         Phase            F0            x0            Tr            M'            M"            M*     tan_delta            C'            C"            C*
           [#]          [°C]           [s]          [Hz]           [N]          [um]         [rad]           [N]          [um]          [°C]         [MPa]         [MPa]         [MPa]            []       [1/MPa]       [1/MPa]       [1/MPa]
             0  2,25827e+001  2,30000e+001  9,99999e-001  2,70000e-001  2,90622e+002  5,66754e-001  2,85000e-001  7,23973e+002  2,50000e+001  9,97719e+003  6,34887e+003  1,18259e+004  6,36338e-001  7,13408e-005  4,53969e-005  8,45600e-005
             1  2,24476e+001  4,30000e+001  6,00000e+000  2,08890e-001  4,36249e+001  1,17866e+000  2,95937e-001  8,50621e+002  2,50000e+001  2,32827e+004  5,63570e+004  6,09770e+004  2,42056e+000  6,26182e-006  1,51571e-005  1,63996e-005
             2  2,23398e+001  6,20000e+001  1,10000e+001  5,88717e-002  1,05125e+001  1,33629e+000  2,61617e-001  9,29874e+002  2,50000e+001  1,65980e+004  6,93383e+004  7,12972e+004  4,17751e+000  3,26521e-006  1,36404e-005  1,40258e-005
             3  2,23046e+001  6,50000e+001  1,60000e+001  2,54308e-001  3,57884e+001  1,44870e+000  1,86520e-001  1,04173e+003  2,50000e+001  1,11061e+004  8,97606e+004  9,04450e+004  8,08206e+000  1,35767e-006  1,09728e-005  1,10564e-005
             4  2,22824e+001  6,70000e+001  2,10000e+001  2,93501e-001  1,22265e+001  1,43810e+000  8,61235e-002  1,15109e+003  2,50000e+001  3,90260e+004  3,03309e+005  3,05810e+005  7,77198e+000  4,17303e-007  3,24327e-006  3,27001e-006
             5  2,22709e+001  6,80000e+001  2,60000e+001  4,82184e-001  1,72434e+001  1,10085e+000  1,46227e-002  1,23662e+003  2,50000e+001  1,60667e+005  3,19489e+005  3,57613e+005  1,98852e+000  1,25632e-006  2,49822e-006  2,79632e-006
             6  2,21937e+001  8,90000e+001  3,10000e+001  4,00607e-001  6,55495e+000  7,88396e-001 -7,06452e-002  1,31196e+003  2,50000e+001  5,52036e+005  5,67244e+005  7,91524e+005  1,02755e+000  8,81129e-007  9,05403e-007  1,26339e-006
             7  2,21821e+001  9,10000e+001  3,60000e+001  2,70000e-001  1,95309e+000  3,87783e-001 -1,56601e-001  1,37677e+003  2,50000e+001  1,70933e+006  7,25494e+005  1,85692e+006  4,24431e-001  4,95723e-007  2,10400e-007  5,38526e-007
             8  2,21785e+001  9,20000e+001  4,10000e+001  2,45000e-001  9,40715e-001  1,28331e-001 -2,38122e-001  1,43512e+003  2,50000e+001  3,67806e+006  4,90376e+005  3,71061e+006  1,33325e-001  2,67134e-007  3,56155e-008  2,69498e-007
             9  2,21767e+001  9,40000e+001  4,60000e+001  2,25000e-001  5,02206e-001  2,20701e-002 -3,20217e-001  1,48763e+003  2,50000e+001  7,00000e+006  9,22677e+004  7,00060e+006  1,31811e-002  1,42832e-007  1,88269e-009  1,42845e-007
            10  2,21456e+001  1,15000e+002  5,10000e+001  2,10000e-001  2,94612e-001 -9,66024e-003 -4,03577e-001  1,53020e+003  2,50000e+001  1,28704e+007 -4,07016e+005  1,28768e+007 -3,16242e-002  7,76201e-008 -2,45468e-009  7,76589e-008
            11  2,21480e+001  1,16000e+002  5,60000e+001  2,00000e-001  1,98058e-001  1,23072e-002 -4,61289e-001  1,54530e+003  2,50000e+001  2,21231e+007 -5,74147e+004  2,21232e+007 -2,59523e-003  4,52013e-008 -1,17308e-010  4,52014e-008
            12  2,21574e+001  1,18000e+002  6,10000e+001  7,50000e-002  6,07531e-002  2,69638e-002 -5,02803e-001  1,54837e+003  2,50000e+001  3,22090e+007  7,88928e+005  3,22186e+007  2,44941e-002  3,10287e-008  7,60018e-010  3,10380e-008
            13  2,21752e+001  1,19000e+002  6,60000e+001  7,50000e-002  5,64804e-002  4,73528e-002 -5,48817e-001  1,55166e+003  2,50000e+001  3,75019e+007  2,60376e+006  3,75922e+007  6,94301e-002  2,65374e-008  1,84249e-009  2,66013e-008
            14  2,21682e+001  1,40000e+002  7,10000e+001  6,50000e-002  4,85496e-002  5,62461e-002 -6,07630e-001  1,55564e+003  2,50000e+001  3,80879e+007  3,33064e+006  3,82332e+007  8,74461e-002  2,60558e-008  2,27848e-009  2,61553e-008
            15  2,21641e+001  1,42000e+002  7,60000e+001  6,50000e-002  5,16722e-002  8,15920e-002 -6,59945e-001  1,55898e+003  2,50000e+001  3,30018e+007  4,35977e+006  3,32886e+007  1,32107e-001  2,97816e-008  3,93435e-009  3,00404e-008
            16  2,21665e+001  1,44000e+002  8,10000e+001  6,00000e-002  4,73019e-002  1,25353e-001 -7,05338e-001  1,56179e+003  2,50000e+001  3,27506e+007  7,36570e+006  3,35687e+007  2,24903e-001  2,90637e-008  6,53651e-009  2,97897e-008
            17  2,21617e+001  1,46000e+002  8,60000e+001  6,00000e-002  4,68842e-002  2,07169e-001 -7,55239e-001  1,56486e+003  2,50000e+001  3,07821e+007  1,26053e+007  3,32630e+007  4,09501e-001  2,78211e-008  1,13928e-008  3,00634e-008
            18  2,21758e+001  1,66000e+002  9,10000e+001  5,50000e-002  4,27571e-002  2,00196e-001 -8,11274e-001  1,56824e+003  2,50000e+001  3,13643e+007  1,23113e+007  3,36940e+007  3,92526e-001  2,76267e-008  1,08442e-008  2,96788e-008
            19  2,21863e+001  1,67000e+002  9,60000e+001  5,00000e-002  3,87797e-002  1,24956e-001 -8,70929e-001  1,57175e+003  2,50000e+001  3,38713e+007  7,44398e+006  3,46796e+007  2,19773e-001  2,81632e-008  6,18951e-009  2,88354e-008
            20  2,21795e+001  1,70000e+002  1,01000e+002  5,00000e-003  3,05736e-003  7,77812e-002 -9,23928e-001  1,57483e+003  2,50000e+001  6,28946e+007  1,03700e+007  6,37438e+007  1,64880e-001  1,54788e-008  2,55214e-009  1,56878e-008
CFRP_f1_100_5_1N, 17.04.2021 19:11:14
