         Index            Ts             t             f             F             x         Phase            F0            x0            Tr            M'            M"            M*     tan_delta            C'            C"            C*
           [#]          [°C]           [s]          [Hz]           [N]          [um]         [rad]           [N]          [um]          [°C]         [MPa]         [MPa]         [MPa]            []       [1/MPa]       [1/MPa]       [1/MPa]
             0  2,23634e+001  2,40000e+001  9,99999e-001  2,95000e-001  2,85223e+002  5,75735e-001  3,25000e-001  7,58772e+002  2,50000e+001  1,10436e+004  7,16804e+003  1,31660e+004  6,49067e-001  6,37099e-005  4,13519e-005  7,59535e-005
             1  2,23381e+001  4,30000e+001  6,00000e+000  1,00754e-001  7,30268e+000  1,39860e+000  4,68750e-002  1,06895e+003  2,50000e+001  2,93861e+004  1,73259e+005  1,75733e+005  5,89594e+000  9,51558e-007  5,61032e-006  5,69045e-006
             2  2,22681e+001  6,40000e+001  1,10000e+001  2,38908e-001  1,44456e+000  1,03178e+000 -1,87258e-001  1,26149e+003  2,50000e+001  1,00685e+006  1,93110e+006  2,17782e+006  1,91797e+000  2,12285e-007  4,07156e-007  4,59174e-007
             3  2,22694e+001  6,50000e+001  1,60000e+001  1,55000e-001  3,70476e-001  6,34014e-001 -3,38377e-001  1,34319e+003  2,50000e+001  4,50540e+006  4,18876e+006  6,15178e+006  9,29720e-001  1,19051e-007  1,10684e-007  1,62555e-007
             4  2,22692e+001  6,70000e+001  2,10000e+001  1,55000e-001  3,00455e-001  1,47253e-001 -4,56667e-001  1,39723e+003  2,50000e+001  8,19439e+006  1,49698e+006  8,33000e+006  1,82683e-001  1,18094e-007  2,15737e-008  1,20048e-007
             5  2,22707e+001  6,80000e+001  2,60000e+001  1,50000e-001  2,00087e-001 -3,26914e-002 -5,78803e-001  1,47153e+003  2,50000e+001  1,38354e+007 -7,87271e+005  1,38578e+007 -5,69027e-002  7,20451e-008 -4,09956e-009  7,21616e-008
             6  2,23599e+001  8,50000e+001  3,10000e+001  1,55000e-001  1,51009e-001  5,95293e-002 -6,95696e-001  1,53049e+003  2,50000e+001  2,26657e+007  2,05743e+006  2,27589e+007  9,07728e-002  4,37590e-008  3,97213e-009  4,39389e-008
             7  2,24164e+001  8,60000e+001  3,60000e+001  1,55000e-001  1,37787e-001  1,42673e-002 -7,77948e-001  1,54965e+003  2,50000e+001  2,69040e+007  2,72553e+005  2,69053e+007  1,01306e-002  3,71654e-008  3,76507e-010  3,71673e-008
             8  2,24027e+001  8,80000e+001  4,10000e+001  1,50000e-001  1,35264e-001  8,91662e-003 -8,36322e-001  1,55327e+003  2,50000e+001  2,61873e+007 -5,82361e+004  2,61873e+007 -2,22383e-003  3,81863e-008 -8,49200e-011  3,81864e-008
             9  2,23803e+001  9,10000e+001  4,60000e+001  1,50000e-001  1,35716e-001  3,51064e-002 -8,89403e-001  1,55655e+003  2,50000e+001  2,59794e+007  1,14340e+006  2,60045e+007  4,40119e-002  3,84177e-008  1,69083e-009  3,84549e-008
            10  2,24905e+001  1,07000e+002  5,10000e+001  4,19257e-003  3,96226e-003  1,02771e-001 -9,39529e-001  1,55962e+003  2,50000e+001  2,35808e+007  3,82192e+006  2,38885e+007  1,62078e-001  4,13219e-008  6,69736e-009  4,18611e-008
            11  2,24651e+001  1,09000e+002  5,60000e+001  5,61932e-003  5,55708e-003  2,10829e-001 -9,73574e-001  1,56159e+003  2,50000e+001  2,04445e+007  7,14546e+006  2,16572e+007  3,49505e-001  4,35884e-008  1,52344e-008  4,61740e-008
            12  2,24542e+001  1,10000e+002  6,10000e+001  5,86471e-003  6,02675e-003  4,11093e-001 -9,99923e-001  1,56304e+003  2,50000e+001  1,53507e+007  1,14334e+007  1,91407e+007  7,44811e-001  4,19000e-008  3,12076e-008  5,22448e-008
            13  2,24348e+001  1,12000e+002  6,60000e+001  4,24884e-003  4,62850e-003  4,00156e-001 -1,02633e+000  1,56449e+003  2,50000e+001  1,45232e+007  9,96897e+006  1,76155e+007  6,86416e-001  4,68031e-008  3,21264e-008  5,67683e-008
            14  2,23622e+001  1,28000e+002  7,10000e+001  6,83792e-003  7,93706e-003  2,29444e-001 -1,05155e+000  1,56588e+003  2,50000e+001  1,58278e+007  5,37343e+006  1,67150e+007  3,39493e-001  5,66507e-008  1,92325e-008  5,98263e-008
            15  2,24253e+001  1,30000e+002  7,60000e+001  4,52338e-003  5,67889e-003 -1,38156e-001 -1,06677e+000  1,56675e+003  2,50000e+001  1,45661e+007 -3,46520e+006  1,49726e+007 -2,37895e-001  6,49753e-008 -1,54573e-008  6,67886e-008
            16  2,24609e+001  1,31000e+002  8,10000e+001  3,55958e-003  4,60628e-003 -4,50465e-002 -1,07764e+000  1,56739e+003  2,50000e+001  1,43494e+007 -1,37719e+006  1,44153e+007 -9,59754e-002  6,90532e-008 -6,62741e-009  6,93705e-008
            17  2,24777e+001  1,33000e+002  8,60000e+001  5,84311e-003  7,87554e-003 -4,86469e-002 -1,08944e+000  1,56807e+003  2,50000e+001  1,35061e+007 -1,36698e+006  1,35751e+007 -1,01213e-001  7,32901e-008 -7,41788e-009  7,36645e-008
            18  2,30075e+001  1,51000e+002  9,10000e+001  5,33547e-003  7,79123e-003 -2,79917e-003 -1,09982e+000  1,56866e+003  2,50000e+001  1,21170e+007 -4,27273e+005  1,21246e+007 -3,52622e-002  8,24260e-008 -2,90652e-009  8,24772e-008
            19  2,30141e+001  1,52000e+002  9,60000e+001  4,84241e-003  7,80748e-003  6,59160e-002 -1,10679e+000  1,56905e+003  2,50000e+001  1,05592e+007  6,01194e+005  1,05763e+007  5,69357e-002  9,43984e-008  5,37464e-009  9,45513e-008
            20  2,30065e+001  1,54000e+002  1,01000e+002  5,00000e-003  8,91493e-003  3,12021e-001 -1,11179e+000  1,56933e+003  2,50000e+001  8,48732e+006  3,30823e+006  9,10928e+006  3,89785e-001  1,02283e-007  3,98683e-008  1,09778e-007
CFRP_f1_100_5_1N, 17.04.2021 18:22:00
