         Index            Ts             t             f             F             x         Phase            F0            x0            Tr            M'            M"            M*     tan_delta            C'            C"            C*
           [#]          [°C]           [s]          [Hz]           [N]          [um]         [rad]           [N]          [um]          [°C]         [MPa]         [MPa]         [MPa]            []       [1/MPa]       [1/MPa]       [1/MPa]
             0  2,18087e+001  8,40000e+001  9,99998e-003  3,00000e-001  2,95623e+001  2,98386e-001  8,50000e-001  5,90242e+002  2,50000e+001  2,81092e+004  8,67044e+003  2,94161e+004  3,08455e-001  3,24848e-005  1,00201e-005  3,39950e-005
             1  2,15979e+001  1,62000e+002  5,01000e+000  1,81925e-001  1,39995e+001  6,43728e-001  7,25000e-001  6,28341e+002  2,50000e+001  3,00942e+004  2,26724e+004  3,76789e+004  7,53379e-001  2,11976e-005  1,59699e-005  2,65401e-005
             2  2,15745e+001  1,80000e+002  1,00100e+001  1,57204e-001  1,46481e+001  6,36726e-001  6,87297e-001  6,63156e+002  2,50000e+001  2,49987e+004  1,84903e+004  3,10938e+004  7,39647e-001  2,58565e-005  1,91247e-005  3,21607e-005
             3  2,15236e+001  2,00000e+002  1,50100e+001  2,78089e-001  2,74978e+001  5,51099e-001  6,77560e-001  6,93146e+002  2,50000e+001  2,49851e+004  1,53026e+004  2,92989e+004  6,12467e-001  2,91057e-005  1,78263e-005  3,41309e-005
             4  2,15207e+001  2,04000e+002  2,00100e+001  5,29934e-001  6,23083e+001  5,12879e-001  6,81437e-001  7,17946e+002  2,50000e+001  2,14968e+004  1,20138e+004  2,46261e+004  5,58865e-001  3,54473e-005  1,98103e-005  4,06074e-005
             5  2,15079e+001  2,21000e+002  2,50100e+001  3,90459e-001  4,75801e+001  4,42937e-001  6,79182e-001  7,41067e+002  2,50000e+001  2,15143e+004  1,00807e+004  2,37589e+004  4,68557e-001  3,81132e-005  1,78582e-005  4,20895e-005
             6  2,15094e+001  2,43000e+002  3,00100e+001  5,02605e-001  6,47909e+001  3,69645e-001  6,85153e-001  7,60888e+002  2,50000e+001  2,09883e+004  7,98063e+003  2,24544e+004  3,80242e-001  4,16270e-005  1,58283e-005  4,45348e-005
             7  2,15053e+001  2,46000e+002  3,50100e+001  5,20300e-001  6,91923e+001  3,16790e-001  6,96119e-001  7,76037e+002  2,50000e+001  2,07310e+004  6,61967e+003  2,17622e+004  3,19313e-001  4,37738e-005  1,39775e-005  4,59512e-005
             8  2,15164e+001  2,54000e+002  4,00100e+001  5,23869e-001  7,11009e+001  2,89077e-001  7,07360e-001  7,86833e+002  2,50000e+001  2,04885e+004  5,89226e+003  2,13189e+004  2,87589e-001  4,50796e-005  1,29644e-005  4,69067e-005
             9  2,15066e+001  2,67000e+002  4,50100e+001  4,94276e-001  6,60035e+001  2,78934e-001  7,18811e-001  7,95028e+002  2,50000e+001  2,08879e+004  5,75026e+003  2,16650e+004  2,75291e-001  4,45019e-005  1,22510e-005  4,61574e-005
            10  2,15047e+001  2,70000e+002  5,00100e+001  5,13880e-001  6,83050e+001  2,91797e-001  7,29987e-001  8,00071e+002  2,50000e+001  2,09113e+004  6,02003e+003  2,17606e+004  2,87884e-001  4,41611e-005  1,27133e-005  4,59546e-005
            11  2,14994e+001  2,81000e+002  5,50100e+001  5,05302e-001  6,71807e+001  3,06545e-001  7,39063e-001  8,00847e+002  2,50000e+001  2,08176e+004  6,29980e+003  2,17499e+004  3,02619e-001  4,40063e-005  1,33172e-005  4,59772e-005
            12  2,15062e+001  2,84000e+002  6,00100e+001  5,18074e-001  6,89664e+001  3,72613e-001  7,45758e-001  7,99320e+002  2,50000e+001  2,03316e+004  7,62686e+003  2,17150e+004  3,75124e-001  4,31172e-005  1,61743e-005  4,60511e-005
            13  2,14857e+001  2,93000e+002  6,50100e+001  1,30590e-001  1,74084e+001  3,84535e-001  7,45954e-001  7,96112e+002  2,50000e+001  2,02143e+004  7,83105e+003  2,16782e+004  3,87401e-001  4,30143e-005  1,66638e-005  4,61293e-005
            14  2,15007e+001  2,98000e+002  7,00100e+001  5,06136e-001  6,75720e+001  3,89753e-001  7,44048e-001  7,92785e+002  2,50000e+001  2,01462e+004  7,89739e+003  2,16388e+004  3,92003e-001  4,30255e-005  1,68661e-005  4,62132e-005
            15  2,15569e+001  3,08000e+002  7,50100e+001  1,55908e-001  2,08284e+001  3,48701e-001  7,45407e-001  7,90504e+002  2,50000e+001  2,04433e+004  7,02949e+003  2,16181e+004  3,43852e-001  4,37437e-005  1,50414e-005  4,62575e-005
            16  2,15369e+001  3,20000e+002  8,00100e+001  4,87197e-001  6,44898e+001  3,49469e-001  7,52184e-001  7,90423e+002  2,50000e+001  2,06289e+004  7,08280e+003  2,18110e+004  3,43343e-001  4,33637e-005  1,48886e-005  4,58485e-005
            17  2,15101e+001  3,30000e+002  8,50100e+001  4,89319e-001  6,48647e+001  3,74516e-001  7,59293e-001  7,90579e+002  2,50000e+001  2,04158e+004  7,55931e+003  2,17704e+004  3,70267e-001  4,30760e-005  1,59496e-005  4,59340e-005
            18  2,14866e+001  3,48000e+002  9,00100e+001  4,84454e-001  6,44939e+001  4,02046e-001  7,67649e-001  7,91970e+002  2,50000e+001  2,01145e+004  8,05694e+003  2,16682e+004  4,00553e-001  4,28416e-005  1,71603e-005  4,61507e-005
            19  2,14923e+001  3,62000e+002  9,50100e+001  4,88775e-001  6,42669e+001  4,46612e-001  7,81429e-001  7,96498e+002  2,50000e+001  1,99830e+004  9,03084e+003  2,19289e+004  4,51927e-001  4,15554e-005  1,87800e-005  4,56020e-005
            20  2,16093e+001  3,84000e+002  1,00010e+002  4,24738e-001  5,44378e+001  4,88744e-001  8,04464e-001  8,04851e+002  2,50000e+001  2,00939e+004  1,00937e+004  2,24866e+004  5,02324e-001  3,97389e-005  1,99618e-005  4,44709e-005
£cfrp_0.5N_1
