         Index            Ts             t             f             F             x         Phase            F0            x0            Tr            M'            M"            M*     tan_delta            C'            C"            C*
           [#]          [°C]           [s]          [Hz]           [N]          [um]         [rad]           [N]          [um]          [°C]         [MPa]         [MPa]         [MPa]            []       [1/MPa]       [1/MPa]       [1/MPa]
             0  2,14712e+001  1,22000e+002  9,99998e-003  3,05000e-001  2,76259e+001  3,75007e-001  1,35500e+000  8,60610e+002  2,50000e+001  2,97709e+004  1,17616e+004  3,20100e+004  3,95070e-001  2,90549e-005  1,14787e-005  3,12402e-005
             1  2,15375e+001  2,02000e+002  5,01000e+000  1,67288e-001  1,34156e+001  5,66519e-001  1,60344e+000  9,13922e+002  2,50000e+001  3,04798e+004  1,94507e+004  3,61573e+004  6,38153e-001  2,33142e-005  1,48780e-005  2,76570e-005
             2  2,15117e+001  2,20000e+002  1,00100e+001  1,55575e-001  1,47618e+001  4,95476e-001  1,89883e+000  9,50811e+002  2,50000e+001  2,68761e+004  1,45097e+004  3,05427e+004  5,39874e-001  2,88105e-005  1,55540e-005  3,27410e-005
             3  2,15759e+001  2,38000e+002  1,50100e+001  3,13104e-001  3,17620e+001  3,94832e-001  2,09607e+000  9,77478e+002  2,50000e+001  2,63909e+004  1,09302e+004  2,85649e+004  4,14165e-001  3,23438e-005  1,33957e-005  3,50080e-005
             4  2,15302e+001  2,42000e+002  2,00100e+001  5,43781e-001  5,63143e+001  3,22961e-001  2,26583e+000  1,00182e+003  2,50000e+001  2,65653e+004  8,78141e+003  2,79790e+004  3,30560e-001  3,39351e-005  1,12176e-005  3,57411e-005
             5  2,14830e+001  2,60000e+002  2,50100e+001  3,95436e-001  4,06668e+001  3,00360e-001  2,45066e+000  1,02791e+003  2,50000e+001  2,69537e+004  8,20024e+003  2,81735e+004  3,04234e-001  3,39576e-005  1,03311e-005  3,54944e-005
             6  2,15002e+001  2,63000e+002  3,00100e+001  5,10842e-001  5,50122e+001  2,71486e-001  2,62941e+000  1,05091e+003  2,50000e+001  2,59584e+004  7,04658e+003  2,68979e+004  2,71456e-001  3,58792e-005  9,73964e-006  3,71777e-005
             7  2,14554e+001  2,81000e+002  3,50100e+001  5,04682e-001  5,42603e+001  3,05592e-001  2,77745e+000  1,07312e+003  2,50000e+001  2,57492e+004  7,91051e+003  2,69369e+004  3,07214e-001  3,54869e-005  1,09021e-005  3,71238e-005
             8  2,14226e+001  2,86000e+002  4,00100e+001  4,89469e-001  5,39794e+001  3,68142e-001  2,91677e+000  1,09590e+003  2,50000e+001  2,45732e+004  9,23720e+003  2,62520e+004  3,75906e-001  3,56564e-005  1,34034e-005  3,80924e-005
             9  2,14926e+001  3,07000e+002  4,50100e+001  2,96604e-001  3,26043e+001  4,35355e-001  3,06929e+000  1,12104e+003  2,50000e+001  2,39790e+004  1,08748e+004  2,63297e+004  4,53515e-001  3,45890e-005  1,56866e-005  3,79799e-005
            10  2,14939e+001  3,11000e+002  5,00100e+001  5,04926e-001  5,49321e+001  5,01263e-001  3,22774e+000  1,14786e+003  2,50000e+001  2,34581e+004  1,25328e+004  2,65961e+004  5,34263e-001  3,31632e-005  1,77179e-005  3,75995e-005
            11  2,14563e+001  3,31000e+002  5,50100e+001  3,14614e-001  3,37706e+001  5,16530e-001  3,39923e+000  1,17683e+003  2,50000e+001  2,35888e+004  1,30335e+004  2,69500e+004  5,52532e-001  3,24778e-005  1,79450e-005  3,71057e-005
            12  2,14246e+001  3,52000e+002  6,00100e+001  4,77409e-001  5,06114e+001  5,04285e-001  3,57564e+000  1,20731e+003  2,50000e+001  2,40552e+004  1,28705e+004  2,72819e+004  5,35040e-001  3,23191e-005  1,72920e-005  3,66543e-005
            13  2,13443e+001  3,74000e+002  6,50100e+001  5,02496e-001  5,27167e+001  4,75775e-001  3,76397e+000  1,23980e+003  2,50000e+001  2,46802e+004  1,22727e+004  2,75632e+004  4,97268e-001  3,24855e-005  1,61540e-005  3,62803e-005
            14  2,14625e+001  3,95000e+002  7,00100e+001  4,75502e-001  4,94317e+001  4,67787e-001  3,95600e+000  1,27376e+003  2,50000e+001  2,50131e+004  1,21513e+004  2,78084e+004  4,85799e-001  3,23455e-005  1,57134e-005  3,59603e-005
            15  2,13898e+001  4,16000e+002  7,50100e+001  4,57636e-001  4,71894e+001  4,68124e-001  4,15999e+000  1,30930e+003  2,50000e+001  2,52202e+004  1,22244e+004  2,80267e+004  4,84706e-001  3,21074e-005  1,55627e-005  3,56803e-005
            16  2,15495e+001  4,39000e+002  8,00100e+001  4,48173e-001  4,59641e+001  4,89982e-001  4,36384e+000  1,34573e+003  2,50000e+001  2,50877e+004  1,28083e+004  2,81682e+004  5,10542e-001  3,16186e-005  1,61426e-005  3,55010e-005
            17  2,16135e+001  4,60000e+002  8,50100e+001  4,41747e-001  4,48663e+001  5,04754e-001  4,56258e+000  1,38209e+003  2,50000e+001  2,51454e+004  1,32721e+004  2,84331e+004  5,27815e-001  3,11036e-005  1,64170e-005  3,51703e-005
            18  2,15611e+001  4,81000e+002  9,00100e+001  4,38497e-001  4,42773e+001  5,14454e-001  4,75909e+000  1,41737e+003  2,50000e+001  2,51678e+004  1,35590e+004  2,85878e+004  5,38744e-001  3,07952e-005  1,65907e-005  3,49799e-005
            19  2,14752e+001  5,03000e+002  9,50100e+001  4,35945e-001  4,40638e+001  5,40707e-001  4,94512e+000  1,45090e+003  2,50000e+001  2,47827e+004  1,41655e+004  2,85454e+004  5,71589e-001  3,04141e-005  1,73844e-005  3,50319e-005
            20  2,14158e+001  5,24000e+002  1,00010e+002  4,45060e-001  4,51466e+001  5,63380e-001  5,09873e+000  1,47935e+003  2,50000e+001  2,43723e+004  1,46352e+004  2,84288e+004  6,00484e-001  3,01564e-005  1,81084e-005  3,51756e-005
£cfrp_0.5N_1
