         Index            Ts             t             f             F             x         Phase            F0            x0            Tr            M'            M"            M*     tan_delta            C'            C"            C*
           [#]          [°C]           [s]          [Hz]           [N]          [um]         [rad]           [N]          [um]          [°C]         [MPa]         [MPa]         [MPa]            []       [1/MPa]       [1/MPa]       [1/MPa]
             0  2,17508e+001  4,40000e+001  9,99999e-002  1,06000e+000  1,32552e+002  7,52907e-002  1,54000e+000  6,71898e+002  2,50000e+001  2,30981e+004  1,74654e+003  2,31641e+004  7,56140e-002  4,30474e-005  3,25499e-006  4,31703e-005
             1  2,15379e+001  6,80000e+001  2,10000e+000  3,40549e-001  3,05157e+001  2,94622e-001  1,50875e+000  7,37712e+002  2,50000e+001  3,09597e+004  9,42178e+003  3,23616e+004  3,04324e-001  2,95622e-005  8,99650e-006  3,09009e-005
             2  2,14571e+001  9,20000e+001  4,10000e+000  6,54006e-001  7,60185e+001  2,56256e-001  1,48857e+000  7,62064e+002  2,50000e+001  2,41109e+004  6,31413e+003  2,49239e+004  2,61879e-001  3,88132e-005  1,01644e-005  4,01221e-005
             3  2,14281e+001  1,10000e+002  6,10000e+000  1,02319e+000  1,24619e+002  2,01380e-001  1,48388e+000  7,73335e+002  2,50000e+001  2,33069e+004  4,73758e+003  2,37835e+004  2,03270e-001  4,12034e-005  8,37539e-006  4,20460e-005
             4  2,14212e+001  1,26000e+002  8,10000e+000  1,01166e+000  1,26302e+002  1,89586e-001  1,47995e+000  7,82042e+002  2,50000e+001  2,27905e+004  4,34041e+003  2,32001e+004  1,90448e-001  4,23422e-005  8,06400e-006  4,31032e-005
             5  2,14049e+001  1,37000e+002  1,01000e+001  1,00708e+000  1,27405e+002  2,05749e-001  1,47607e+000  7,93522e+002  2,50000e+001  2,24193e+004  4,63585e+003  2,28935e+004  2,06780e-001  4,27755e-005  8,84512e-006  4,36805e-005
             6  2,14564e+001  1,48000e+002  1,21000e+001  1,00548e+000  1,30011e+002  1,81323e-001  1,47381e+000  8,00343e+002  2,50000e+001  2,20398e+004  3,98543e+003  2,23973e+004  1,80828e-001  4,39358e-005  7,94484e-006  4,46483e-005
             7  2,14832e+001  1,51000e+002  1,41000e+001  9,99930e-001  1,30421e+002  1,80847e-001  1,47485e+000  8,02284e+002  2,50000e+001  2,18521e+004  3,92943e+003  2,22026e+004  1,79819e-001  4,43288e-005  7,97118e-006  4,50398e-005
             8  2,16023e+001  1,63000e+002  1,61000e+001  9,97775e-001  1,30662e+002  1,87103e-001  1,47574e+000  8,03573e+002  2,50000e+001  2,17408e+004  4,03923e+003  2,21128e+004  1,85790e-001  4,44617e-005  8,26055e-006  4,52226e-005
             9  2,15858e+001  1,66000e+002  1,81000e+001  9,87143e-001  1,29331e+002  1,90615e-001  1,47679e+000  8,04861e+002  2,50000e+001  2,17174e+004  4,10293e+003  2,21015e+004  1,88924e-001  4,44592e-005  8,39942e-006  4,52457e-005
            10  2,15441e+001  1,73000e+002  2,01000e+001  9,90291e-001  1,29549e+002  1,92020e-001  1,47862e+000  8,05525e+002  2,50000e+001  2,17456e+004  4,12890e+003  2,21341e+004  1,89873e-001  4,43861e-005  8,42772e-006  4,51791e-005
            11  2,15297e+001  1,76000e+002  2,21000e+001  9,95692e-001  1,29969e+002  1,90915e-001  1,48023e+000  8,05753e+002  2,50000e+001  2,17994e+004  4,10293e+003  2,21822e+004  1,88213e-001  4,43034e-005  8,33847e-006  4,50813e-005
            12  2,15032e+001  1,85000e+002  2,41000e+001  9,84916e-001  1,28398e+002  1,89548e-001  1,47688e+000  8,06525e+002  2,50000e+001  2,18341e+004  4,06731e+003  2,22097e+004  1,86283e-001  4,42639e-005  8,24559e-006  4,50254e-005
            13  2,14947e+001  1,88000e+002  2,61000e+001  9,94590e-001  1,29583e+002  1,87104e-001  1,47180e+000  8,07736e+002  2,50000e+001  2,18579e+004  4,00516e+003  2,22218e+004  1,83236e-001  4,42638e-005  8,11073e-006  4,50008e-005
            14  2,14823e+001  1,96000e+002  2,81000e+001  1,00118e+000  1,30414e+002  1,85766e-001  1,47010e+000  8,08386e+002  2,50000e+001  2,18689e+004  3,96565e+003  2,22255e+004  1,81338e-001  4,42713e-005  8,02806e-006  4,49933e-005
            15  2,14719e+001  2,00000e+002  3,01000e+001  9,94453e-001  1,29558e+002  1,86239e-001  1,46969e+000  8,09019e+002  2,50000e+001  2,18643e+004  3,96436e+003  2,22208e+004  1,81317e-001  4,42808e-005  8,02885e-006  4,50028e-005
            16  2,14447e+001  2,11000e+002  3,21000e+001  9,96011e-001  1,29810e+002  1,88310e-001  1,46770e+000  8,09687e+002  2,50000e+001  2,18484e+004  3,99720e+003  2,22110e+004  1,82951e-001  4,42876e-005  8,10248e-006  4,50227e-005
            17  2,14390e+001  2,14000e+002  3,41000e+001  1,01671e+000  1,32560e+002  1,89928e-001  1,46573e+000  8,10296e+002  2,50000e+001  2,18340e+004  4,02002e+003  2,22010e+004  1,84117e-001  4,42984e-005  8,15610e-006  4,50430e-005
            18  2,14453e+001  2,26000e+002  3,61000e+001  1,02343e+000  1,33502e+002  1,90766e-001  1,46130e+000  8,10963e+002  2,50000e+001  2,18203e+004  4,02528e+003  2,21884e+004  1,84474e-001  4,43207e-005  8,17604e-006  4,50685e-005
            19  2,14377e+001  2,29000e+002  3,81000e+001  1,00862e+000  1,31608e+002  1,91093e-001  1,45437e+000  8,12217e+002  2,50000e+001  2,18130e+004  4,02020e+003  2,21804e+004  1,84303e-001  4,43381e-005  8,17162e-006  4,50848e-005
            20  2,15741e+001  2,38000e+002  4,01000e+001  1,01946e+000  1,33020e+002  1,91758e-001  1,44838e+000  8,13531e+002  2,50000e+001  2,18114e+004  4,02377e+003  2,21795e+004  1,84480e-001  4,43385e-005  8,17956e-006  4,50867e-005
            21  2,16675e+001  2,41000e+002  4,21000e+001  1,01982e+000  1,32928e+002  1,95068e-001  1,44742e+000  8,14227e+002  2,50000e+001  2,18210e+004  4,08935e+003  2,22009e+004  1,87404e-001  4,42726e-005  8,29687e-006  4,50433e-005
            22  2,18012e+001  2,53000e+002  4,41000e+001  1,02912e+000  1,34084e+002  2,04152e-001  1,44580e+000  8,14735e+002  2,50000e+001  2,17923e+004  4,27867e+003  2,22084e+004  1,96338e-001  4,41844e-005  8,67510e-006  4,50280e-005
            23  2,17577e+001  2,56000e+002  4,61000e+001  1,02504e+000  1,33501e+002  2,07802e-001  1,43897e+000  8,16083e+002  2,50000e+001  2,17853e+004  4,34900e+003  2,22152e+004  1,99630e-001  4,41433e-005  8,81231e-006  4,50143e-005
            24  2,16227e+001  2,69000e+002  4,81000e+001  1,04072e+000  1,35386e+002  2,18170e-001  1,43214e+000  8,17940e+002  2,50000e+001  2,17642e+004  4,56940e+003  2,22387e+004  2,09951e-001  4,40073e-005  9,23936e-006  4,49667e-005
            25  2,16057e+001  2,72000e+002  5,01000e+001  1,02814e+000  1,33426e+002  2,27586e-001  1,42939e+000  8,19827e+002  2,50000e+001  2,17733e+004  4,77519e+003  2,22908e+004  2,19314e-001  4,38202e-005  9,61039e-006  4,48616e-005
£cfrp_1N_1_50_1
