         Index            Ts             t             f             F             x         Phase            F0            x0            Tr            M'            M"            M*     tan_delta            C'            C"            C*
           [#]          [°C]           [s]          [Hz]           [N]          [um]         [rad]           [N]          [um]          [°C]         [MPa]         [MPa]         [MPa]            []       [1/MPa]       [1/MPa]       [1/MPa]
             0  2,30754e+001  9,90000e+001  9,99999e-001  5,95000e-001  5,72712e+000  5,35405e-001  4,38000e+000  4,81357e+002  2,50000e+001  3,10181e+004  1,93636e+004  3,65660e+004  6,24268e-001  2,31985e-005  1,44821e-005  2,73478e-005
             1  2,32535e+001  1,17000e+002  6,00000e+000  3,49026e-001  1,91037e+000  8,49030e-001  4,78625e+000  4,88657e+002  2,50000e+001  4,00758e+004  5,12926e+004  6,50922e+004  1,27989e+000  9,45854e-006  1,21059e-005  1,53628e-005
             2  2,30604e+001  1,35000e+002  1,10000e+001  2,51593e-001  2,15049e+000  6,42513e-001  5,21141e+000  4,98871e+002  2,50000e+001  3,23285e+004  2,56159e+004  4,12468e+004  7,92363e-001  1,90022e-005  1,50566e-005  2,42443e-005
             3  2,30293e+001  1,57000e+002  1,60000e+001  2,36730e+000  2,48198e+001  4,61655e-001  5,50361e+000  5,05373e+002  2,50000e+001  2,97899e+004  1,53543e+004  3,35141e+004  5,15421e-001  2,65225e-005  1,36702e-005  2,98382e-005
             4  2,28259e+001  1,78000e+002  2,10000e+001  2,30574e+000  2,52679e+001  3,75997e-001  5,94173e+000  5,13331e+002  2,50000e+001  2,97080e+004  1,20415e+004  3,20556e+004  4,05329e-001  2,89112e-005  1,17185e-005  3,11958e-005
             5  2,27976e+001  1,81000e+002  2,60000e+001  2,21813e+000  2,57946e+001  3,90783e-001  6,44514e+000  5,22974e+002  2,50000e+001  2,77769e+004  1,16868e+004  3,01354e+004  4,20739e-001  3,05866e-005  1,28690e-005  3,31836e-005
             6  2,27985e+001  2,01000e+002  3,10000e+001  2,10625e+000  2,76724e+001  3,04234e-001  6,95096e+000  5,32926e+002  2,50000e+001  2,53556e+004  8,01425e+003  2,65920e+004  3,16074e-001  3,58568e-005  1,13334e-005  3,76053e-005
             7  2,27898e+001  2,04000e+002  3,60000e+001  2,03852e+000  3,00735e+001  3,31395e-001  7,47651e+000  5,43094e+002  2,50000e+001  2,23062e+004  7,68289e+003  2,35922e+004  3,44429e-001  4,00763e-005  1,38035e-005  4,23869e-005
             8  2,26296e+001  2,23000e+002  4,10000e+001  1,98768e+000  2,94464e+001  3,67507e-001  8,06210e+000  5,53731e+002  2,50000e+001  2,19110e+004  8,43520e+003  2,34786e+004  3,84975e-001  3,97482e-005  1,53021e-005  4,25919e-005
             9  2,26867e+001  2,26000e+002  4,60000e+001  2,17321e+000  2,96151e+001  4,10065e-001  8,69576e+000  5,64923e+002  2,50000e+001  2,34378e+004  1,02124e+004  2,55661e+004  4,35721e-001  3,58583e-005  1,56242e-005  3,91144e-005
            10  2,28399e+001  2,47000e+002  5,10000e+001  2,43908e+000  2,71472e+001  4,36153e-001  9,41001e+000  5,77394e+002  2,50000e+001  2,84939e+004  1,33962e+004  3,14859e+004  4,70143e-001  2,87422e-005  1,35129e-005  3,17602e-005
            11  2,28708e+001  2,52000e+002  5,60000e+001  2,68937e+000  2,45942e+001  4,53209e-001  1,01616e+001  5,90751e+002  2,50000e+001  3,45872e+004  1,71178e+004  3,85913e+004  4,94917e-001  2,32239e-005  1,14939e-005  2,59126e-005
            12  2,27101e+001  2,76000e+002  6,10000e+001  1,33123e+000  9,38309e+000  4,47638e-001  1,09329e+001  6,04496e+002  2,50000e+001  4,54636e+004  2,24524e+004  5,07056e+004  4,93855e-001  1,76829e-005  8,73278e-006  1,97217e-005
            13  2,26712e+001  2,80000e+002  6,60000e+001  3,66896e+000  2,06597e+001  4,63120e-001  1,16185e+001  6,16917e+002  2,50000e+001  5,70217e+004  2,97590e+004  6,43201e+004  5,21890e-001  1,37831e-005  7,19326e-006  1,55472e-005
            14  2,27140e+001  3,01000e+002  7,10000e+001  4,85000e-001  2,10553e+000  4,91827e-001  1,22935e+001  6,28991e+002  2,50000e+001  7,37183e+004  4,24113e+004  8,50477e+004  5,75316e-001  1,01918e-005  5,86350e-006  1,17581e-005
            15  2,26660e+001  3,06000e+002  7,60000e+001  4,61824e+000  1,82653e+001  5,01609e-001  1,29591e+001  6,40810e+002  2,50000e+001  8,08776e+004  4,81062e+004  9,41031e+004  5,94803e-001  9,13315e-006  5,43242e-006  1,06266e-005
            16  2,27005e+001  3,28000e+002  8,10000e+001  5,20000e-001  1,83999e+000  4,57369e-001  1,36488e+001  6,52753e+002  2,50000e+001  9,39926e+004  5,04931e+004  1,06697e+005  5,37203e-001  8,25644e-006  4,43538e-006  9,37237e-006
            17  2,27664e+001  3,33000e+002  8,60000e+001  6,20955e+000  2,02926e+001  6,65081e-001  1,42953e+001  6,64116e+002  2,50000e+001  8,55381e+004  7,63267e+004  1,14641e+005  8,92312e-001  6,50850e-006  5,80761e-006  8,72289e-006
            18  2,27198e+001  3,54000e+002  9,10000e+001  4,55000e-001  1,65924e+000  6,67644e-001  1,49064e+001  6,74964e+002  2,50000e+001  7,63341e+004  6,69959e+004  1,01564e+005  8,77667e-001  7,40005e-006  6,49478e-006  9,84596e-006
            19  2,26989e+001  3,58000e+002  9,60000e+001  4,81893e+000  2,26358e+001  5,28033e-001  1,54792e+001  6,84991e+002  2,50000e+001  6,62933e+004  4,06977e+004  7,77888e+004  6,13904e-001  1,09556e-005  6,72567e-006  1,28553e-005
            20  2,30152e+001  3,81000e+002  1,01000e+002  4,70000e-001  2,68083e-001  2,09585e-001  1,59673e+001  6,93294e+002  2,50000e+001  1,52507e+006  1,09331e+006  1,87647e+006  7,16891e-001  4,33117e-007  3,10497e-007  5,32915e-007
CFRP_f1_100_5_2N, 17.04.2021 16:11:53
