         Index            Ts             t             f             F             x         Phase            F0            x0            Tr            M'            M"            M*     tan_delta            C'            C"            C*
           [#]          [°C]           [s]          [Hz]           [N]          [um]         [rad]           [N]          [um]          [°C]         [MPa]         [MPa]         [MPa]            []       [1/MPa]       [1/MPa]       [1/MPa]
             0  2,33072e+001  9,80000e+001  9,99999e-001  5,90000e-001  5,98695e+000  6,05419e-001  5,02000e+000  3,97996e+002  2,50000e+001  2,79387e+004  2,03420e+004  3,45596e+004  7,28093e-001  2,33921e-005  1,70316e-005  2,89355e-005
             1  2,33067e+001  1,17000e+002  6,00000e+000  3,44669e-001  1,28631e+000  1,10001e+000  5,43094e+000  4,04845e+002  2,50000e+001  3,42276e+004  8,87896e+004  9,51584e+004  2,59409e+000  3,77992e-006  9,80545e-006  1,05088e-005
             2  2,30176e+001  1,35000e+002  1,10000e+001  3,80000e-001  2,73197e+000  8,21570e-001  5,85445e+000  4,15729e+002  2,50000e+001  3,18870e+004  3,72553e+004  4,90381e+004  1,16835e+000  1,32601e-005  1,54925e-005  2,03923e-005
             3  2,27200e+001  1,56000e+002  1,60000e+001  2,57669e+000  2,54475e+001  5,76900e-001  6,14788e+000  4,22431e+002  2,50000e+001  2,94220e+004  1,99842e+004  3,55671e+004  6,79229e-001  2,32581e-005  1,57976e-005  2,81158e-005
             4  2,26211e+001  1,77000e+002  2,10000e+001  2,19825e+000  2,98271e+001  2,50881e-001  6,40065e+000  4,28113e+002  2,50000e+001  2,49190e+004  6,45305e+003  2,57410e+004  2,58961e-001  3,76080e-005  9,73901e-006  3,88485e-005
             5  2,26154e+001  1,80000e+002  2,60000e+001  2,12758e+000  3,08033e+001  2,62376e-001  6,66640e+000  4,33889e+002  2,50000e+001  2,32426e+004  6,26899e+003  2,40732e+004  2,69720e-001  4,01068e-005  1,08176e-005  4,15401e-005
             6  2,27904e+001  1,99000e+002  3,10000e+001  2,04480e+000  3,26477e+001  2,13480e-001  6,92249e+000  4,39624e+002  2,50000e+001  2,12910e+004  4,56700e+003  2,17753e+004  2,14504e-001  4,49021e-005  9,63167e-006  4,59235e-005
             7  2,28265e+001  2,02000e+002  3,60000e+001  2,00239e+000  3,39612e+001  2,17307e-001  7,15128e+000  4,44787e+002  2,50000e+001  1,99989e+004  4,33856e+003  2,04641e+004  2,16941e-001  4,77553e-005  1,03601e-005  4,88662e-005
             8  2,27425e+001  2,22000e+002  4,10000e+001  2,00267e+000  3,54302e+001  2,18868e-001  7,36068e+000  4,49094e+002  2,50000e+001  1,91489e+004  4,15646e+003  1,95948e+004  2,17060e-001  4,98725e-005  1,08253e-005  5,10339e-005
             9  2,27236e+001  2,25000e+002  4,60000e+001  2,03058e+000  3,60638e+001  2,28490e-001  7,55183e+000  4,52856e+002  2,50000e+001  1,90320e+004  4,30208e+003  1,95121e+004  2,26045e-001  4,99889e-005  1,12997e-005  5,12501e-005
            10  2,26140e+001  2,44000e+002  5,10000e+001  2,07475e+000  3,50787e+001  2,47770e-001  7,74697e+000  4,56718e+002  2,50000e+001  1,99206e+004  4,89739e+003  2,05138e+004  2,45845e-001  4,73381e-005  1,16379e-005  4,87477e-005
            11  2,27027e+001  2,47000e+002  5,60000e+001  2,12854e+000  3,31012e+001  3,06706e-001  7,93439e+000  4,60419e+002  2,50000e+001  2,13326e+004  6,61809e+003  2,23356e+004  3,10234e-001  4,27611e-005  1,32659e-005  4,47716e-005
            12  2,26520e+001  2,65000e+002  6,10000e+001  1,50359e+000  2,00120e+001  3,41270e-001  8,12659e+000  4,64096e+002  2,50000e+001  2,47274e+004  8,65094e+003  2,61970e+004  3,49852e-001  3,60309e-005  1,26055e-005  3,81723e-005
            13  2,26673e+001  2,70000e+002  6,60000e+001  2,54499e+000  2,86923e+001  4,70118e-001  8,31208e+000  4,67447e+002  2,50000e+001  2,76559e+004  1,40677e+004  3,10282e+004  5,08670e-001  2,87260e-005  1,46120e-005  3,22288e-005
            14  2,28329e+001  2,91000e+002  7,10000e+001  5,11980e-001  4,44197e+000  4,82775e-001  8,50226e+000  4,70738e+002  2,50000e+001  3,59627e+004  1,90766e+004  4,07091e+004  5,30455e-001  2,17004e-005  1,15111e-005  2,45645e-005
            15  2,28207e+001  2,95000e+002  7,60000e+001  3,26239e+000  2,34678e+001  4,87213e-001  8,68536e+000  4,73825e+002  2,50000e+001  4,35605e+004  2,35691e+004  4,95280e+004  5,41066e-001  1,77579e-005  9,60819e-006  2,01906e-005
            16  2,28294e+001  3,16000e+002  8,10000e+001  4,30000e-001  2,65715e+000  2,78433e-001  8,87642e+000  4,76915e+002  2,50000e+001  5,62489e+004  1,59817e+004  5,84753e+004  2,84124e-001  1,64502e-005  4,67388e-006  1,71012e-005
            17  2,27900e+001  3,21000e+002  8,60000e+001  4,10979e+000  2,07761e+001  4,55758e-001  9,06457e+000  4,79826e+002  2,50000e+001  6,42621e+004  3,27959e+004  7,21470e+004  5,10346e-001  1,23458e-005  6,30062e-006  1,38606e-005
            18  2,26824e+001  3,42000e+002  9,10000e+001  4,00000e-001  1,77638e+000  4,55715e-001  9,25261e+000  4,82622e+002  2,50000e+001  7,37696e+004  3,80420e+004  8,30009e+004  5,15687e-001  1,07081e-005  5,52202e-006  1,20481e-005
            19  2,26552e+001  3,46000e+002  9,60000e+001  4,22496e+000  2,15308e+001  3,33339e-001  9,43836e+000  4,85261e+002  2,50000e+001  6,77417e+004  2,37004e+004  7,17680e+004  3,49865e-001  1,31521e-005  4,60145e-006  1,39338e-005
            20  2,26254e+001  3,67000e+002  1,01000e+002  3,80000e-001  3,78441e-002  1,59629e+000  9,59958e+000  4,87484e+002  2,50000e+001 -7,69239e+005  1,84761e+005  7,91116e+005 -2,40186e-001 -1,22908e-006  2,95208e-007  1,26404e-006
CFRP_f1_100_5_2N, 17.04.2021 16:27:48
