         Index            Ts             t             f             F             x         Phase            F0            x0            Tr            M'            M"            M*     tan_delta            C'            C"            C*
           [#]          [°C]           [s]          [Hz]           [N]          [um]         [rad]           [N]          [um]          [°C]         [MPa]         [MPa]         [MPa]            []       [1/MPa]       [1/MPa]       [1/MPa]
             0  2,29448e+001  2,20000e+001  9,99999e-001  1,00500e+000  1,77828e+001  1,68958e-001  1,60000e+000  4,09162e+002  2,50000e+001  1,93188e+004  3,37100e+003  1,96107e+004  1,74493e-001  5,02335e-005  8,76539e-006  5,09925e-005
             1  2,29889e+001  4,00000e+001  6,00000e+000  5,15286e-001  8,24076e+000  2,78766e-001  1,66406e+000  4,19154e+002  2,50000e+001  2,08634e+004  6,10334e+003  2,17378e+004  2,92539e-001  4,41524e-005  1,29163e-005  4,60029e-005
             2  2,30058e+001  5,80000e+001  1,10000e+001  5,19410e-001  7,89237e+000  2,94804e-001  1,82181e+000  4,25505e+002  2,50000e+001  2,18818e+004  6,77351e+003  2,29062e+004  3,09550e-001  4,17040e-005  1,29095e-005  4,36564e-005
             3  2,30297e+001  6,10000e+001  1,60000e+001  1,00000e+000  1,71486e+001  1,71326e-001  1,95825e+000  4,30913e+002  2,50000e+001  1,99507e+004  3,45597e+003  2,02478e+004  1,73226e-001  4,86634e-005  8,42975e-006  4,93881e-005
             4  2,30910e+001  8,00000e+001  2,10000e+001  9,96348e-001  1,69644e+001  1,73483e-001  2,32562e+000  4,37118e+002  2,50000e+001  2,00920e+004  3,50065e+003  2,03946e+004  1,74231e-001  4,83048e-005  8,41621e-006  4,90325e-005
             5  2,30350e+001  8,30000e+001  2,60000e+001  1,00788e+000  1,70460e+001  1,76370e-001  2,62609e+000  4,43163e+002  2,50000e+001  2,02221e+004  3,55925e+003  2,05330e+004  1,76008e-001  4,79649e-005  8,44219e-006  4,87022e-005
             6  2,28561e+001  1,03000e+002  3,10000e+001  9,88278e-001  1,67952e+001  1,78298e-001  2,89852e+000  4,48755e+002  2,50000e+001  2,01172e+004  3,55512e+003  2,04289e+004  1,76720e-001  4,82032e-005  8,51848e-006  4,89501e-005
             7  2,28428e+001  1,06000e+002  3,60000e+001  1,02242e+000  1,69073e+001  1,82865e-001  3,16723e+000  4,53994e+002  2,50000e+001  2,06717e+004  3,72858e+003  2,10053e+004  1,80371e-001  4,68511e-005  8,45059e-006  4,76071e-005
             8  2,27861e+001  1,25000e+002  4,10000e+001  1,03524e+000  1,68502e+001  1,84515e-001  3,44118e+000  4,59192e+002  2,50000e+001  2,10047e+004  3,79950e+003  2,13455e+004  1,80888e-001  4,61000e-005  8,33895e-006  4,68482e-005
             9  2,27756e+001  1,28000e+002  4,60000e+001  1,05297e+000  1,66860e+001  1,68346e-001  3,69580e+000  4,63954e+002  2,50000e+001  2,16529e+004  3,52132e+003  2,19374e+004  1,62625e-001  4,49932e-005  7,31703e-006  4,55843e-005
            10  2,27926e+001  1,48000e+002  5,10000e+001  1,03425e+000  1,57042e+001  1,88217e-001  3,95650e+000  4,68668e+002  2,50000e+001  2,25412e+004  4,11479e+003  2,29137e+004  1,82545e-001  4,29326e-005  7,83714e-006  4,36420e-005
            11  2,28645e+001  1,51000e+002  5,60000e+001  1,07084e+000  1,51466e+001  2,01789e-001  4,20715e+000  4,73122e+002  2,50000e+001  2,41794e+004  4,74139e+003  2,46399e+004  1,96092e-001  3,98261e-005  7,80960e-006  4,05846e-005
            12  2,28823e+001  1,70000e+002  6,10000e+001  7,74547e-001  9,39980e+000  2,70003e-001  4,46341e+000  4,77635e+002  2,50000e+001  2,78383e+004  7,52185e+003  2,88366e+004  2,70198e-001  3,34776e-005  9,04558e-006  3,46781e-005
            13  2,28614e+001  1,75000e+002  6,60000e+001  1,27860e+000  1,33687e+001  4,30496e-001  4,70961e+000  4,81939e+002  2,50000e+001  3,05020e+004  1,40193e+004  3,35696e+004  4,59618e-001  2,70668e-005  1,24404e-005  2,97889e-005
            14  2,30086e+001  1,94000e+002  7,10000e+001  2,53156e-001  2,13421e+000  6,28686e-001  4,96111e+000  4,86346e+002  2,50000e+001  3,34965e+004  2,49732e+004  4,17813e+004  7,45547e-001  1,91882e-005  1,43057e-005  2,39341e-005
            15  2,29521e+001  1,99000e+002  7,60000e+001  1,51016e+000  1,11885e+001  8,85729e-001  5,20197e+000  4,90648e+002  2,50000e+001  2,89803e+004  3,73808e+004  4,72989e+004  1,28987e+000  1,29539e-005  1,67089e-005  2,11422e-005
            16  2,28212e+001  2,20000e+002  8,10000e+001  2,20000e-001  1,45484e+000  7,57945e-001  5,45179e+000  4,95163e+002  2,50000e+001  3,79758e+004  3,77376e+004  5,35378e+004  9,93728e-001  1,32491e-005  1,31660e-005  1,86784e-005
            17  2,28166e+001  2,24000e+002  8,60000e+001  1,89124e+000  1,07900e+001  7,03248e-001  5,69604e+000  4,99672e+002  2,50000e+001  4,66800e+004  4,18268e+004  6,26777e+004  8,96033e-001  1,18824e-005  1,06470e-005  1,59546e-005
            18  2,28064e+001  2,47000e+002  9,10000e+001  1,90000e-001  1,00780e+000  3,91309e-001  5,93844e+000  5,04307e+002  2,50000e+001  6,32370e+004  2,66834e+004  6,86362e+004  4,21959e-001  1,34235e-005  5,66416e-006  1,45696e-005
            19  2,28014e+001  2,51000e+002  9,60000e+001  2,01647e+000  1,26080e+001  2,66007e-001  6,17624e+000  5,09025e+002  2,50000e+001  5,57572e+004  1,47941e+004  5,76865e+004  2,65331e-001  1,67553e-005  4,44571e-006  1,73351e-005
            20  2,27870e+001  2,72000e+002  1,01000e+002  1,75000e-001  5,50265e-002  3,08725e-001  6,38140e+000  5,13205e+002  2,50000e+001 -1,85866e+006  1,45193e+006  2,35854e+006 -7,81171e-001 -3,34128e-007  2,61011e-007  4,23991e-007
CFRP_f1_100_5_1N, 17.04.2021 15:16:37
