         Index            Ts             t             f             F             x         Phase            F0            x0            Tr            M'            M"            M*     tan_delta            C'            C"            C*
           [#]          [°C]           [s]          [Hz]           [N]          [um]         [rad]           [N]          [um]          [°C]         [MPa]         [MPa]         [MPa]            []       [1/MPa]       [1/MPa]       [1/MPa]
             0  2,28633e+001  1,70000e+001  9,99999e-001  8,90000e-001  1,91566e+000  6,89500e-001  1,65500e+000  4,85023e+002  2,50000e+001  1,23249e+005  1,35560e+005  1,83212e+005  1,09989e+000  3,67175e-006  4,03851e-006  5,45814e-006
             1  2,29756e+001  3,60000e+001  6,00000e+000  1,01406e+000  2,44590e+000  8,81152e-001  1,64875e+000  4,90442e+002  2,50000e+001  8,06545e+004  1,33731e+005  1,56170e+005  1,65807e+000  3,30698e-006  5,48322e-006  6,40326e-006
             2  2,28337e+001  4,80000e+001  1,10000e+001  1,00000e+000  1,10973e+000  7,41711e-001  1,68118e+000  4,93667e+002  2,50000e+001  1,89608e+005  3,51031e+005  3,98966e+005  1,85135e+000  1,19120e-006  2,20533e-006  2,50648e-006
             3  2,27920e+001  5,10000e+001  1,60000e+001  1,00000e+000  9,47122e-001  6,33296e-001  1,71422e+000  4,96912e+002  2,50000e+001  2,73476e+005  4,36631e+005  5,15204e+005  1,59660e+000  1,03029e-006  1,64496e-006  1,94098e-006
             4  2,26598e+001  6,30000e+001  2,10000e+001  1,00000e+000  5,59633e-001  8,92051e-001  1,74887e+000  4,99435e+002  2,50000e+001 -1,10875e+005  7,65179e+005  7,73170e+005 -6,90126e+000 -1,85475e-007  1,28001e-006  1,29338e-006
             5  2,26361e+001  6,70000e+001  2,60000e+001  1,00000e+000  5,73474e-001  3,26873e-001  1,77594e+000  4,99822e+002  2,50000e+001  8,84547e+005  1,24961e+006  1,53099e+006  1,41271e+000  3,77376e-007  5,33122e-007  6,53171e-007
             6  2,26142e+001  7,60000e+001  3,10000e+001  1,00500e+000  5,86171e-001  8,91367e-002  1,76526e+000  5,00192e+002  2,50000e+001  1,89665e+006  5,45843e+005  1,97364e+006  2,87793e-001  4,86916e-007  1,40131e-007  5,06679e-007
             7  2,25635e+001  8,70000e+001  3,60000e+001  1,01000e+000  6,09529e-001  9,79384e-002  1,76826e+000  4,99996e+002  2,50000e+001  1,69033e+006  4,90916e+005  1,76018e+006  2,90425e-001  5,45581e-007  1,58450e-007  5,68124e-007
             8  2,25659e+001  8,80000e+001  4,10000e+001  1,00000e+000  6,37140e-001  1,02828e-001  1,77311e+000  5,00154e+002  2,50000e+001  1,44653e+006  3,91069e+005  1,49846e+006  2,70349e-001  6,44222e-007  1,74165e-007  6,67350e-007
             9  2,26365e+001  9,70000e+001  4,60000e+001  1,01000e+000  6,06014e-001  4,08949e-001  1,77796e+000  5,00090e+002  2,50000e+001  6,37878e+005  1,08113e+006  1,25528e+006  1,69488e+000  4,04815e-007  6,86114e-007  7,96635e-007
            10  2,26859e+001  1,08000e+002  5,10000e+001  1,00000e+000  5,91861e-001  7,26529e-001  1,78182e+000  5,00064e+002  2,50000e+001  7,00445e+004  8,67860e+005  8,70682e+005  1,23901e+001  9,23963e-008  1,14480e-006  1,14852e-006
            11  2,26959e+001  1,12000e+002  5,60000e+001  1,00500e+000  5,84886e-001  8,70031e-001  1,78512e+000  4,99914e+002  2,50000e+001 -6,01662e+004  7,65181e+005  7,67543e+005 -1,27178e+001 -1,02129e-007  1,29885e-006  1,30286e-006
            12  2,27904e+001  1,21000e+002  6,10000e+001  9,90000e-001  5,67105e-001  9,44276e-001  1,78541e+000  4,99607e+002  2,50000e+001 -1,14398e+005  7,19096e+005  7,28139e+005 -6,28589e+000 -2,15771e-007  1,35631e-006  1,37337e-006
            13  2,26563e+001  1,32000e+002  6,60000e+001  1,00000e+000  5,59655e-001  8,13514e-001  1,77844e+000  4,99260e+002  2,50000e+001 -5,18713e+004  8,41643e+005  8,43240e+005 -1,62256e+001 -7,29499e-008  1,18366e-006  1,18590e-006
            14  2,26284e+001  1,36000e+002  7,10000e+001  1,00000e+000  5,45421e-001  6,17046e-001  1,76831e+000  4,98978e+002  2,50000e+001  1,22434e+005  1,08497e+006  1,09185e+006  8,86168e+000  1,02700e-007  9,10097e-007  9,15873e-007
            15  2,25667e+001  1,47000e+002  7,60000e+001  9,95000e-001  5,14106e-001  4,82140e-001  1,75738e+000  4,98670e+002  2,50000e+001  2,84738e+005  1,40602e+006  1,43456e+006  4,93795e+000  1,38359e-007  6,83209e-007  6,97078e-007
            16  2,25119e+001  1,60000e+002  8,10000e+001  1,01000e+000  4,99115e-001  4,16924e-001  1,74839e+000  4,98251e+002  2,50000e+001  3,58600e+005  1,69279e+006  1,73035e+006  4,72055e+000  1,19768e-007  5,65370e-007  5,77917e-007
            17  2,25054e+001  1,71000e+002  8,60000e+001  1,00500e+000  4,78494e-001  2,97724e-001  1,73580e+000  4,97846e+002  2,50000e+001  7,73598e+005  2,34335e+006  2,46774e+006  3,02916e+000  1,27033e-007  3,84803e-007  4,05229e-007
            18  2,25080e+001  1,75000e+002  9,10000e+001  1,00500e+000  4,56631e-001  4,32115e-001  1,71945e+000  4,97470e+002  2,50000e+001  1,87123e+004  1,86552e+006  1,86562e+006  9,96949e+001  5,37629e-009  5,35989e-007  5,36016e-007
            19  2,25086e+001  1,86000e+002  9,60000e+001  1,00000e+000  4,23755e-001  8,46245e-001  1,70865e+000  4,97161e+002  2,50000e+001 -3,79592e+005  9,32154e+005  1,00648e+006 -2,45568e+000 -3,74720e-007  9,20190e-007  9,93562e-007
            20  2,24973e+001  1,98000e+002  1,01000e+002  1,00500e+000  4,26942e-001  6,00488e-001  1,71513e+000  4,97042e+002  2,50000e+001 -3,45354e+005  1,37194e+006  1,41474e+006 -3,97257e+000 -1,72548e-007  6,85458e-007  7,06842e-007
CFRP_f1_100_5_1N, 17.04.2021 17:15:56
