         Index            Ts             t             f             F             x         Phase            F0            x0            Tr            M'            M"            M*     tan_delta            C'            C"            C*
           [#]          [°C]           [s]          [Hz]           [N]          [um]         [rad]           [N]          [um]          [°C]         [MPa]         [MPa]         [MPa]            []       [1/MPa]       [1/MPa]       [1/MPa]
             0  2,27832e+001  9,80000e+001  9,99999e-001  5,85000e-001  7,25036e+000  3,83476e-001  4,85000e+000  4,83727e+002  2,50000e+001  2,60394e+004  1,08927e+004  2,82259e+004  4,18316e-001  3,26841e-005  1,36723e-005  3,54285e-005
             1  2,27188e+001  1,16000e+002  6,00000e+000  3,51813e-001  3,08123e+000  6,14627e-001  5,25625e+000  4,91368e+002  2,50000e+001  3,22458e+004  2,40894e+004  4,02504e+004  7,47055e-001  1,99037e-005  1,48691e-005  2,48445e-005
             2  2,27255e+001  1,35000e+002  1,10000e+001  2,90748e-001  3,35480e+000  4,52618e-001  5,67848e+000  5,02663e+002  2,50000e+001  2,71181e+004  1,36432e+004  3,03567e+004  5,03104e-001  2,94273e-005  1,48050e-005  3,29417e-005
             3  2,26488e+001  1,56000e+002  1,60000e+001  2,22453e+000  2,89542e+001  3,02367e-001  5,96786e+000  5,09888e+002  2,50000e+001  2,55935e+004  8,14536e+003  2,68584e+004  3,18260e-001  3,54789e-005  1,12915e-005  3,72323e-005
             4  2,26109e+001  1,77000e+002  2,10000e+001  2,19948e+000  2,93042e+001  2,30742e-001  6,22094e+000  5,15533e+002  2,50000e+001  2,55264e+004  6,05152e+003  2,62339e+004  2,37069e-001  3,70906e-005  8,79302e-006  3,81186e-005
             5  2,26077e+001  1,80000e+002  2,60000e+001  2,16163e+000  2,98718e+001  2,39058e-001  6,48585e+000  5,21406e+002  2,50000e+001  2,45372e+004  5,99945e+003  2,52600e+004  2,44505e-001  3,84555e-005  9,40256e-006  3,95883e-005
             6  2,26316e+001  2,00000e+002  3,10000e+001  2,05166e+000  3,02902e+001  1,79763e-001  6,74195e+000  5,27101e+002  2,50000e+001  2,32344e+004  4,15797e+003  2,36035e+004  1,78957e-001  4,17040e-005  7,46324e-006  4,23665e-005
             7  2,26520e+001  2,03000e+002  3,60000e+001  1,98395e+000  3,23304e+001  1,91989e-001  6,97173e+000  5,32115e+002  2,50000e+001  2,09473e+004  3,98253e+003  2,13225e+004  1,90121e-001  4,60734e-005  8,75954e-006  4,68987e-005
             8  2,28361e+001  2,22000e+002  4,10000e+001  1,97881e+000  3,27348e+001  2,21547e-001  7,18262e+000  5,36222e+002  2,50000e+001  2,04980e+004  4,51592e+003  2,09896e+004  2,20310e-001  4,65269e-005  1,02503e-005  4,76427e-005
             9  2,28048e+001  2,25000e+002  4,60000e+001  1,99963e+000  3,32779e+001  2,63742e-001  7,42783e+000  5,40607e+002  2,50000e+001  2,01573e+004  5,33626e+003  2,08517e+004  2,64731e-001  4,63608e-005  1,22731e-005  4,79578e-005
            10  2,27130e+001  2,45000e+002  5,10000e+001  2,01382e+000  3,22384e+001  2,79900e-001  7,80544e+000  5,47186e+002  2,50000e+001  2,08794e+004  5,87670e+003  2,16907e+004  2,81459e-001  4,43784e-005  1,24907e-005  4,61027e-005
            11  2,27037e+001  2,48000e+002  5,60000e+001  2,16538e+000  3,14630e+001  3,06278e-001  8,24941e+000  5,55019e+002  2,50000e+001  2,28731e+004  7,09930e+003  2,39495e+004  3,10378e-001  3,98779e-005  1,23773e-005  4,17546e-005
            12  2,27506e+001  2,66000e+002  6,10000e+001  1,42667e+000  1,67018e+001  3,05696e-001  8,74169e+000  5,63715e+002  2,50000e+001  2,85733e+004  8,87597e+003  2,99201e+004  3,10639e-001  3,19178e-005  9,91491e-006  3,34223e-005
            13  2,27438e+001  2,72000e+002  6,60000e+001  2,83684e+000  2,72281e+001  3,53755e-001  9,26255e+000  5,73012e+002  2,50000e+001  3,44829e+004  1,26822e+004  3,67411e+004  3,67783e-001  2,55446e-005  9,39487e-006  2,72175e-005
            14  2,27145e+001  2,93000e+002  7,10000e+001  4,90000e-001  3,58000e+000  4,10004e-001  9,83108e+000  5,83069e+002  2,50000e+001  4,46845e+004  1,97117e+004  4,88391e+004  4,41131e-001  1,87336e-005  8,26398e-006  2,04754e-005
            15  2,27862e+001  2,97000e+002  7,60000e+001  4,14826e+000  2,57103e+001  5,57579e-001  1,04287e+001  5,93557e+002  2,50000e+001  4,85234e+004  3,14671e+004  5,78334e+004  6,48494e-001  1,45076e-005  9,40806e-006  1,72911e-005
            16  2,27766e+001  3,18000e+002  8,10000e+001  4,45000e-001  2,35450e+000  5,06960e-001  1,10891e+001  6,04796e+002  2,50000e+001  5,92897e+004  3,44554e+004  6,85744e+004  5,81137e-001  1,26083e-005  7,32713e-006  1,45827e-005
            17  2,28203e+001  3,23000e+002  8,60000e+001  5,24814e+000  2,25101e+001  9,20388e-001  1,17933e+001  6,16829e+002  2,50000e+001  4,65543e+004  6,93548e+004  8,35308e+004  1,48976e+000  6,67216e-006  9,93994e-006  1,19716e-005
            18  2,29181e+001  3,44000e+002  9,10000e+001  4,25000e-001  1,61701e+000  7,02214e-001  1,24707e+001  6,28296e+002  2,50000e+001  7,04535e+004  6,62358e+004  9,67000e+004  9,40135e-001  7,53443e-006  7,08338e-006  1,03413e-005
            19  2,28733e+001  3,48000e+002  9,60000e+001  5,53387e+000  2,67869e+001  4,22527e-001  1,30631e+001  6,37840e+002  2,50000e+001  6,86086e+004  3,18796e+004  7,56535e+004  4,64658e-001  1,19873e-005  5,56999e-006  1,32182e-005
            20  2,28239e+001  3,71000e+002  1,01000e+002  4,15000e-001  5,65934e-002  1,57753e+000  1,35566e+001  6,45118e+002  2,50000e+001 -7,37851e+005  2,44125e+005  7,77188e+005 -3,30860e-001 -1,22156e-006  4,04167e-007  1,28669e-006
CFRP_f1_100_5_2N, 17.04.2021 15:55:21
