         Index            Ts             t             f             F             x         Phase            F0            x0            Tr            M'            M"            M*     tan_delta            C'            C"            C*
           [#]          [°C]           [s]          [Hz]           [N]          [um]         [rad]           [N]          [um]          [°C]         [MPa]         [MPa]         [MPa]            []       [1/MPa]       [1/MPa]       [1/MPa]
             0  2,28864e+001  9,70000e+001  9,99999e-001  8,85000e-001  5,90277e+000  7,71008e-001  1,03250e+001  5,62578e+002  2,50000e+001  3,64025e+004  3,87229e+004  5,31470e+004  1,06374e+000  1,28876e-005  1,37091e-005  1,88157e-005
             1  2,28959e+001  1,16000e+002  6,00000e+000  5,42890e-001  1,46597e+000  1,22748e+000  1,09953e+001  5,75219e+002  2,50000e+001  2,50837e+004  1,28473e+005  1,30898e+005  5,12176e+000  1,46394e-006  7,49793e-006  7,63951e-006
             2  2,30867e+001  1,34000e+002  1,10000e+001  5,75000e-001  2,34678e+000  1,09826e+000  1,15841e+001  5,89017e+002  2,50000e+001  3,21944e+004  8,05217e+004  8,67193e+004  2,50111e+000  4,28103e-006  1,07074e-005  1,15315e-005
             3  2,29604e+001  1,57000e+002  1,60000e+001  1,16673e+000  6,14673e+000  9,87299e-001  1,21259e+001  6,01486e+002  2,50000e+001  3,32764e+004  5,82891e+004  6,71189e+004  1,75167e+000  7,38664e-006  1,29389e-005  1,48989e-005
             4  2,29035e+001  1,78000e+002  2,10000e+001  1,01324e+000  7,07904e+000  8,03831e-001  1,26948e+001  6,13329e+002  2,50000e+001  3,36268e+004  3,77558e+004  5,05595e+004  1,12279e+000  1,31547e-005  1,47699e-005  1,97787e-005
             5  2,30086e+001  2,00000e+002  2,60000e+001  1,03357e+000  7,40412e+000  8,57524e-001  1,32698e+001  6,25305e+002  2,50000e+001  3,06756e+004  3,83821e+004  4,91343e+004  1,25123e+000  1,27064e-005  1,58986e-005  2,03524e-005
             6  2,30916e+001  2,23000e+002  3,10000e+001  1,08167e+000  7,36894e+000  9,21127e-001  1,37864e+001  6,36388e+002  2,50000e+001  2,94347e+004  4,23756e+004  5,15955e+004  1,43965e+000  1,10570e-005  1,59182e-005  1,93815e-005
             7  2,29882e+001  2,45000e+002  3,60000e+001  1,25406e+000  6,79910e+000  9,78593e-001  1,42364e+001  6,46181e+002  2,50000e+001  3,32272e+004  5,60675e+004  6,51737e+004  1,68740e+000  7,82256e-006  1,31998e-005  1,53436e-005
             8  2,29188e+001  2,66000e+002  4,10000e+001  1,55668e+000  6,10943e+000  1,05681e+000  1,46308e+001  6,54561e+002  2,50000e+001  3,76020e+004  8,25473e+004  9,07081e+004  2,19529e+000  4,57003e-006  1,00325e-005  1,10244e-005
             9  2,28549e+001  2,89000e+002  4,60000e+001  1,63759e+000  5,14421e+000  1,11091e+000  1,49710e+001  6,61629e+002  2,50000e+001  3,86263e+004  1,07043e+005  1,13799e+005  2,77124e+000  2,98269e-006  8,26576e-006  8,78745e-006
            10  2,28912e+001  2,99000e+002  5,10000e+001  1,79670e+000  4,47168e+000  1,10716e+000  1,52523e+001  6,67357e+002  2,50000e+001  4,52952e+004  1,38210e+005  1,45443e+005  3,05132e+000  2,14124e-006  6,53362e-006  6,87554e-006
            11  2,29001e+001  3,02000e+002  5,60000e+001  1,01500e+000  1,96184e+000  1,10512e+000  1,54622e+001  6,71622e+002  2,50000e+001  5,08395e+004  1,83262e+005  1,90183e+005  3,60472e+000  1,40558e-006  5,06673e-006  5,25808e-006
            12  2,29040e+001  3,14000e+002  6,10000e+001  1,02500e+000  1,52662e+000  1,09823e+000  1,55933e+001  6,74516e+002  2,50000e+001  5,26897e+004  2,45865e+005  2,51447e+005  4,66629e+000  8,33357e-007  3,88868e-006  3,97697e-006
            13  2,28918e+001  3,25000e+002  6,60000e+001  9,95000e-001  1,13943e+000  1,11411e+000  1,56519e+001  6,76161e+002  2,50000e+001  3,41183e+004  3,28270e+005  3,30038e+005  9,62152e+000  3,13227e-007  3,01372e-006  3,02995e-006
            14  2,28812e+001  3,35000e+002  7,10000e+001  1,01000e+000  8,80851e-001  1,13431e+000  1,56446e+001  6,76401e+002  2,50000e+001 -1,81796e+004  4,30679e+005  4,31063e+005 -2,36902e+001 -9,78372e-008  2,31778e-006  2,31985e-006
            15  2,28738e+001  3,46000e+002  7,60000e+001  1,36444e+000  8,27427e-001  1,05586e+000  1,56099e+001  6,75704e+002  2,50000e+001 -1,27278e+005  6,21412e+005  6,34313e+005 -4,88230e+000 -3,16335e-007  1,54445e-006  1,57651e-006
            16  2,29381e+001  3,59000e+002  8,10000e+001  9,80000e-001  4,79711e-001  1,00085e+000  1,55675e+001  6,74919e+002  2,50000e+001 -2,59885e+005  7,39405e+005  7,83747e+005 -2,84512e+000 -4,23087e-007  1,20373e-006  1,27592e-006
            17  2,29198e+001  3,73000e+002  8,60000e+001  9,85000e-001  3,92995e-001  9,01804e-001  1,55155e+001  6,73930e+002  2,50000e+001 -4,51182e+005  8,61700e+005  9,72672e+005 -1,90987e+000 -4,76890e-007  9,10800e-007  1,02810e-006
            18  2,29303e+001  3,77000e+002  9,10000e+001  9,95000e-001  2,86174e-001  5,46491e-001  1,54543e+001  6,72743e+002  2,50000e+001 -1,16128e+006  1,00723e+006  1,53723e+006 -8,67344e-001 -4,91425e-007  4,26235e-007  6,50519e-007
            19  2,29244e+001  3,86000e+002  9,60000e+001  2,95000e-001  5,40470e-002  1,36101e-001  1,53960e+001  6,71635e+002  2,50000e+001 -1,43910e+006  1,27119e+005  1,44470e+006 -8,83328e-002 -6,89501e-007  6,09055e-008  6,92186e-007
            20  2,29111e+001  3,97000e+002  1,01000e+002  9,90000e-001  7,98084e-001  1,31654e+000  1,53554e+001  6,71003e+002  2,50000e+001 -1,01832e+005  4,10039e+005  4,22495e+005 -4,02662e+000 -5,70482e-007  2,29712e-006  2,36689e-006
CFRP_f1_100_5_1N, 17.04.2021 14:58:04
