         Index            Ts             t             f             F             x         Phase            F0            x0            Tr            M'            M"            M*     tan_delta            C'            C"            C*
           [#]          [°C]           [s]          [Hz]           [N]          [um]         [rad]           [N]          [um]          [°C]         [MPa]         [MPa]         [MPa]            []       [1/MPa]       [1/MPa]       [1/MPa]
             0  2,28542e+001  2,00000e+001  9,99999e-001  2,00500e+000  3,70276e+001  8,89052e-002  1,45000e+000  4,15120e+002  2,50000e+001  1,86983e+004  1,70055e+003  1,87755e+004  9,09468e-002  5,30420e-005  4,82400e-006  5,32609e-005
             1  2,28963e+001  3,90000e+001  6,00000e+000  5,11050e-001  8,19230e+000  2,36099e-001  2,18125e+000  4,30567e+002  2,50000e+001  2,10658e+004  5,17336e+003  2,16917e+004  2,45581e-001  4,47702e-005  1,09947e-005  4,61005e-005
             2  2,28707e+001  5,70000e+001  1,10000e+001  5,01497e-001  8,03095e+000  2,18414e-001  2,64766e+000  4,41629e+002  2,50000e+001  2,11860e+004  4,76901e+003  2,17161e+004  2,25102e-001  4,49247e-005  1,01126e-005  4,60488e-005
             3  2,28854e+001  6,00000e+001  1,60000e+001  1,02349e+000  1,63902e+001  1,82016e-001  2,99721e+000  4,49179e+002  2,50000e+001  2,13572e+004  3,94808e+003  2,17191e+004  1,84859e-001  4,52754e-005  8,36959e-006  4,60425e-005
             4  2,29346e+001  8,00000e+001  2,10000e+001  1,01375e+000  1,61935e+001  1,50297e-001  3,38940e+000  4,57779e+002  2,50000e+001  2,15351e+004  3,23237e+003  2,17763e+004  1,50098e-001  4,54127e-005  6,81634e-006  4,59214e-005
             5  2,29678e+001  8,30000e+001  2,60000e+001  1,00865e+000  1,64600e+001  1,49554e-001  3,73722e+000  4,65313e+002  2,50000e+001  2,10725e+004  3,11745e+003  2,13019e+004  1,47939e-001  4,64388e-005  6,87012e-006  4,69443e-005
             6  2,30430e+001  1,02000e+002  3,10000e+001  1,01000e+000  1,45597e+001  1,66165e-001  3,99598e+000  4,70535e+002  2,50000e+001  2,38706e+004  3,93090e+003  2,41921e+004  1,64675e-001  4,07865e-005  6,71654e-006  4,13359e-005
             7  2,30371e+001  1,05000e+002  3,60000e+001  1,01592e+000  1,45769e+001  1,70182e-001  4,32344e+000  4,75324e+002  2,50000e+001  2,39699e+004  4,01837e+003  2,43044e+004  1,67642e-001  4,05785e-005  6,80267e-006  4,11448e-005
             8  2,29304e+001  1,23000e+002  4,10000e+001  9,88058e-001  1,44265e+001  1,76613e-001  4,58940e+000  4,79762e+002  2,50000e+001  2,35174e+004  4,06985e+003  2,38670e+004  1,73057e-001  4,12852e-005  7,14468e-006  4,18989e-005
             9  2,28995e+001  1,28000e+002  4,60000e+001  1,01721e+000  1,50782e+001  1,95906e-001  4,85414e+000  4,84550e+002  2,50000e+001  2,30698e+004  4,43336e+003  2,34919e+004  1,92172e-001  4,18030e-005  8,03336e-006  4,25679e-005
            10  2,29217e+001  1,46000e+002  5,10000e+001  1,05821e+000  1,43391e+001  2,09568e-001  5,11168e+000  4,89502e+002  2,50000e+001  2,52294e+004  5,19794e+003  2,57593e+004  2,06027e-001  3,80223e-005  7,83362e-006  3,88209e-005
            11  2,28848e+001  1,49000e+002  5,60000e+001  1,08236e+000  1,45984e+001  2,23828e-001  5,36254e+000  4,94325e+002  2,50000e+001  2,52691e+004  5,56170e+003  2,58739e+004  2,20099e-001  3,77455e-005  8,30776e-006  3,86490e-005
            12  2,32748e+001  1,68000e+002  6,10000e+001  8,14561e-001  9,18209e+000  2,41448e-001  5,62996e+000  4,99410e+002  2,50000e+001  3,02796e+004  7,24942e+003  3,11353e+004  2,39416e-001  3,12351e-005  7,47818e-006  3,21178e-005
            13  2,32315e+001  1,73000e+002  6,60000e+001  1,38519e+000  1,26865e+001  2,59844e-001  5,88601e+000  5,04366e+002  2,50000e+001  3,73840e+004  9,74574e+003  3,86335e+004  2,60693e-001  2,50472e-005  6,52962e-006  2,58843e-005
            14  2,31323e+001  1,94000e+002  7,10000e+001  2,02186e-001  1,49304e+000  2,71848e-001  6,14800e+000  5,09381e+002  2,50000e+001  4,66802e+004  1,28846e+004  4,84258e+004  2,76018e-001  1,99058e-005  5,49437e-006  2,06502e-005
            15  2,30871e+001  1,98000e+002  7,60000e+001  1,73333e+000  1,14430e+001  3,43304e-001  6,39918e+000  5,14262e+002  2,50000e+001  5,12161e+004  1,84577e+004  5,44405e+004  3,60388e-001  1,72807e-005  6,22776e-006  1,83687e-005
            16  2,29364e+001  2,19000e+002  8,10000e+001  2,20000e-001  1,29289e+000  3,40715e-001  6,66059e+000  5,19249e+002  2,50000e+001  5,79941e+004  2,08165e+004  6,16169e+004  3,58941e-001  1,52751e-005  5,48286e-006  1,62293e-005
            17  2,29173e+001  2,24000e+002  8,60000e+001  2,16609e+000  1,10669e+001  4,25340e-001  6,91738e+000  5,24032e+002  2,50000e+001  6,46498e+004  3,03294e+004  7,14106e+004  4,69134e-001  1,26777e-005  5,94756e-006  1,40035e-005
            18  2,28721e+001  2,45000e+002  9,10000e+001  1,95000e-001  9,65347e-001  3,22912e-001  7,17407e+000  5,28675e+002  2,50000e+001  7,01774e+004  2,38368e+004  7,41152e+004  3,39666e-001  1,27756e-005  4,33944e-006  1,34925e-005
            19  2,28706e+001  2,49000e+002  9,60000e+001  2,08277e+000  1,25839e+001  2,63135e-001  7,42836e+000  5,33053e+002  2,50000e+001  5,78797e+004  1,52062e+004  5,98438e+004  2,62720e-001  1,61617e-005  4,24601e-006  1,67102e-005
            20  2,30546e+001  2,70000e+002  1,01000e+002  1,75000e-001  1,26399e-001  1,42401e-001  7,65001e+000  5,36659e+002  2,50000e+001  1,03352e+006  2,89092e+005  1,07319e+006  2,79714e-001  8,97354e-007  2,51003e-007  9,31798e-007
CFRP_f1_100_5_1N, 17.04.2021 15:04:44
