         Index            Ts             t             f             F             x         Phase            F0            x0            Tr            M'            M"            M*     tan_delta            C'            C"            C*
           [#]          [°C]           [s]          [Hz]           [N]          [um]         [rad]           [N]          [um]          [°C]         [MPa]         [MPa]         [MPa]            []       [1/MPa]       [1/MPa]       [1/MPa]
             0  2,17077e+001  3,80000e+001  9,99999e-002  9,35000e-001  1,18745e+002  1,79871e-001  1,47000e+000  7,97816e+002  2,50000e+001  2,24361e+004  4,09146e+003  2,28061e+004  1,82361e-001  4,31365e-005  7,86640e-006  4,38479e-005
             1  2,14911e+001  7,40000e+001  2,10000e+000  9,31654e-001  1,19976e+002  1,78607e-001  1,49344e+000  7,93021e+002  2,50000e+001  2,21325e+004  3,99650e+003  2,24905e+004  1,80572e-001  4,37557e-005  7,90103e-006  4,44633e-005
             2  2,14424e+001  9,40000e+001  4,10000e+000  9,91803e-001  1,29529e+002  1,76174e-001  1,49770e+000  7,93563e+002  2,50000e+001  2,18341e+004  3,87632e+003  2,21756e+004  1,77535e-001  4,44004e-005  7,88261e-006  4,50947e-005
             3  2,15660e+001  1,12000e+002  6,10000e+000  1,00217e+000  1,31484e+002  1,77622e-001  1,49405e+000  7,96424e+002  2,50000e+001  2,17300e+004  3,87925e+003  2,20736e+004  1,78520e-001  4,45980e-005  7,96165e-006  4,53031e-005
             4  2,16797e+001  1,35000e+002  8,10000e+000  1,00112e+000  1,31937e+002  1,76482e-001  1,49161e+000  7,97761e+002  2,50000e+001  2,16385e+004  3,82629e+003  2,19742e+004  1,76827e-001  4,48127e-005  7,92411e-006  4,55079e-005
             5  2,16356e+001  1,48000e+002  1,01000e+001  9,97147e-001  1,31608e+002  1,79819e-001  1,49024e+000  7,99335e+002  2,50000e+001  2,15950e+004  3,88214e+003  2,19412e+004  1,79770e-001  4,48573e-005  8,06401e-006  4,55764e-005
             6  2,16260e+001  1,51000e+002  1,21000e+001  1,00264e+000  1,32515e+002  1,82568e-001  1,48927e+000  8,00942e+002  2,50000e+001  2,15560e+004  3,92548e+003  2,19105e+004  1,82106e-001  4,49017e-005  8,17689e-006  4,56402e-005
             7  2,15545e+001  1,62000e+002  1,41000e+001  9,96853e-001  1,31675e+002  1,84710e-001  1,48777e+000  8,02725e+002  2,50000e+001  2,15613e+004  3,96328e+003  2,19225e+004  1,83815e-001  4,48636e-005  8,24658e-006  4,56152e-005
             8  2,15082e+001  1,72000e+002  1,61000e+001  9,81634e-001  1,29540e+002  1,84892e-001  1,48608e+000  8,04268e+002  2,50000e+001  2,15827e+004  3,96028e+003  2,19431e+004  1,83493e-001  4,48241e-005  8,22490e-006  4,55725e-005
             9  2,14984e+001  1,75000e+002  1,81000e+001  9,96400e-001  1,31350e+002  1,83362e-001  1,48507e+000  8,05090e+002  2,50000e+001  2,16129e+004  3,92050e+003  2,19656e+004  1,81396e-001  4,47947e-005  8,12560e-006  4,55257e-005
            10  2,14629e+001  1,86000e+002  2,01000e+001  1,00176e+000  1,31921e+002  1,81363e-001  1,48447e+000  8,05611e+002  2,50000e+001  2,16443e+004  3,87034e+003  2,19876e+004  1,78816e-001  4,47700e-005  8,00558e-006  4,54801e-005
            11  2,14512e+001  1,89000e+002  2,21000e+001  1,00181e+000  1,31806e+002  1,78837e-001  1,48417e+000  8,06106e+002  2,50000e+001  2,16750e+004  3,80815e+003  2,20070e+004  1,75693e-001  4,47546e-005  7,86305e-006  4,54401e-005
            12  2,14225e+001  1,98000e+002  2,41000e+001  9,93385e-001  1,30596e+002  1,77301e-001  1,48463e+000  8,06606e+002  2,50000e+001  2,16988e+004  3,76681e+003  2,20234e+004  1,73595e-001  4,47372e-005  7,76616e-006  4,54063e-005
            13  2,14266e+001  2,02000e+002  2,61000e+001  1,00388e+000  1,31914e+002  1,75125e-001  1,48701e+000  8,06527e+002  2,50000e+001  2,17180e+004  3,71027e+003  2,20326e+004  1,70838e-001  4,47391e-005  7,64315e-006  4,53872e-005
            14  2,14212e+001  2,10000e+002  2,81000e+001  9,95697e-001  1,30818e+002  1,72859e-001  1,48976e+000  8,05916e+002  2,50000e+001  2,17305e+004  3,65054e+003  2,20350e+004  1,67991e-001  4,47552e-005  7,51848e-006  4,53823e-005
            15  2,14105e+001  2,13000e+002  3,01000e+001  1,00641e+000  1,32246e+002  1,69611e-001  1,49063e+000  8,05518e+002  2,50000e+001  2,17396e+004  3,56823e+003  2,20305e+004  1,64135e-001  4,47923e-005  7,35198e-006  4,53916e-005
            16  2,14490e+001  2,25000e+002  3,21000e+001  1,01451e+000  1,33380e+002  1,67218e-001  1,49074e+000  8,05168e+002  2,50000e+001  2,17372e+004  3,50323e+003  2,20177e+004  1,61163e-001  4,48394e-005  7,22646e-006  4,54180e-005
            17  2,14769e+001  2,28000e+002  3,41000e+001  1,00571e+000  1,32335e+002  1,65704e-001  1,49106e+000  8,04913e+002  2,50000e+001  2,17244e+004  3,45631e+003  2,19976e+004  1,59098e-001  4,48948e-005  7,14266e-006  4,54594e-005
            18  2,14971e+001  2,38000e+002  3,61000e+001  1,00880e+000  1,32863e+002  1,66774e-001  1,49136e+000  8,04438e+002  2,50000e+001  2,17010e+004  3,46545e+003  2,19760e+004  1,59691e-001  4,49349e-005  7,17569e-006  4,55043e-005
            19  2,14830e+001  2,41000e+002  3,81000e+001  1,01102e+000  1,33321e+002  1,67991e-001  1,49211e+000  8,03713e+002  2,50000e+001  2,16701e+004  3,47664e+003  2,19472e+004  1,60435e-001  4,49885e-005  7,21771e-006  4,55638e-005
            20  2,14640e+001  2,52000e+002  4,01000e+001  1,01825e+000  1,34507e+002  1,70739e-001  1,49290e+000  8,02602e+002  2,50000e+001  2,16230e+004  3,51923e+003  2,19075e+004  1,62754e-001  4,50536e-005  7,33265e-006  4,56464e-005
            21  2,14527e+001  2,56000e+002  4,21000e+001  1,01450e+000  1,34327e+002  1,71720e-001  1,49272e+000  8,01802e+002  2,50000e+001  2,15688e+004  3,52122e+003  2,18543e+004  1,63256e-001  4,51597e-005  7,37257e-006  4,57576e-005
            22  2,14360e+001  2,62000e+002  4,41000e+001  1,01113e+000  1,34133e+002  1,73570e-001  1,49197e+000  8,01053e+002  2,50000e+001  2,15215e+004  3,54356e+003  2,18113e+004  1,64652e-001  4,52387e-005  7,44864e-006  4,58478e-005
            23  2,14158e+001  2,67000e+002  4,61000e+001  1,01171e+000  1,34519e+002  1,72327e-001  1,49107e+000  8,00297e+002  2,50000e+001  2,14762e+004  3,49766e+003  2,17592e+004  1,62862e-001  4,53599e-005  7,38741e-006  4,59576e-005
            24  2,13910e+001  2,77000e+002  4,81000e+001  1,02318e+000  1,36414e+002  1,69012e-001  1,49012e+000  7,99523e+002  2,50000e+001  2,14292e+004  3,40601e+003  2,16982e+004  1,58943e-001  4,55155e-005  7,23435e-006  4,60868e-005
            25  2,14186e+001  2,80000e+002  5,01000e+001  1,04930e+000  1,40207e+002  1,66564e-001  1,48949e+000  7,99131e+002  2,50000e+001  2,13897e+004  3,33503e+003  2,16481e+004  1,55918e-001  4,56420e-005  7,11641e-006  4,61935e-005
£cfrp_1N_1_50_1
