         Index            Ts             t             f             F             x         Phase            F0            x0            Tr            M'            M"            M*     tan_delta            C'            C"            C*
           [#]          [°C]           [s]          [Hz]           [N]          [um]         [rad]           [N]          [um]          [°C]         [MPa]         [MPa]         [MPa]            []       [1/MPa]       [1/MPa]       [1/MPa]
             0  2,21353e+001  5,50000e+001  9,99998e-003  0,00000e+000  1,42150e+002 -2,26555e+000  3,50000e-001  1,58734e+002  2,50000e+001  0,00000e+000  0,00000e+000  0,00000e+000  0,00000e+000  0,00000e+000  0,00000e+000  0,00000e+000
             1  2,20755e+001  1,53000e+002  5,01000e+000  2,80000e-001  3,74889e+001  5,59956e-002  9,01563e-001  4,50559e+002  2,50000e+001  2,15973e+004  1,18743e+003  2,16299e+004  5,49802e-002  4,61625e-005  2,53803e-006  4,62322e-005
             2  2,20659e+001  1,74000e+002  1,00100e+001  2,70245e-001  3,57283e+001  1,00451e-001  1,16740e+000  5,52505e+002  2,50000e+001  2,17992e+004  2,14940e+003  2,19050e+004  9,85998e-002  4,54315e-005  4,47953e-006  4,56518e-005
             3  2,20731e+001  1,81000e+002  1,50100e+001  1,01010e+000  1,34638e+002  1,00527e-001  1,26164e+000  5,89613e+002  2,50000e+001  2,16225e+004  2,10658e+003  2,17249e+004  9,74252e-002  4,58132e-005  4,46336e-006  4,60301e-005
             4  2,20538e+001  1,90000e+002  2,00100e+001  6,39698e-001  8,59389e+001  6,51225e-002  1,32485e+000  6,14023e+002  2,50000e+001  2,15136e+004  1,30031e+003  2,15529e+004  6,04411e-002  4,63130e-005  2,79921e-006  4,63976e-005
             5  2,20442e+001  1,93000e+002  2,50100e+001  1,00582e+000  1,35774e+002  6,48835e-002  1,42809e+000  6,55430e+002  2,50000e+001  2,14102e+004  1,26231e+003  2,14474e+004  5,89581e-002  4,65449e-005  2,74420e-006  4,66257e-005
             6  2,20516e+001  2,04000e+002  3,00100e+001  1,00265e+000  1,35772e+002  6,35952e-002  1,50519e+000  6,76335e+002  2,50000e+001  2,13432e+004  1,20418e+003  2,13771e+004  5,64199e-002  4,67048e-005  2,63508e-006  4,67790e-005
             7  2,20525e+001  2,07000e+002  3,50100e+001  1,00524e+000  1,36740e+002  5,79065e-002  1,51323e+000  6,78589e+002  2,50000e+001  2,12512e+004  1,05102e+003  2,12772e+004  4,94571e-002  4,69414e-005  2,32159e-006  4,69988e-005
             8  2,20375e+001  2,16000e+002  4,00100e+001  1,00810e+000  1,37719e+002  5,85333e-002  1,50334e+000  6,78072e+002  2,50000e+001  2,11568e+004  1,03344e+003  2,11820e+004  4,88468e-002  4,71537e-005  2,30331e-006  4,72099e-005
             9  2,20322e+001  2,20000e+002  4,50100e+001  1,00395e+000  1,37900e+002  6,20177e-002  1,50129e+000  6,77315e+002  2,50000e+001  2,10351e+004  1,07510e+003  2,10626e+004  5,11098e-002  4,74157e-005  2,42341e-006  4,74776e-005
            10  2,20248e+001  2,31000e+002  5,00100e+001  9,99037e-001  1,38110e+002  6,35740e-002  1,50222e+000  6,76449e+002  2,50000e+001  2,08950e+004  1,07471e+003  2,09226e+004  5,14340e-002  4,77321e-005  2,45505e-006  4,77951e-005
            11  2,20194e+001  2,34000e+002  5,50100e+001  1,01920e+000  1,41866e+002  6,54684e-002  1,50395e+000  6,76581e+002  2,50000e+001  2,07461e+004  1,08084e+003  2,07742e+004  5,20985e-002  4,80713e-005  2,50444e-006  4,81365e-005
            12  2,20120e+001  2,46000e+002  6,00100e+001  1,02923e+000  1,44351e+002  6,70497e-002  1,50516e+000  6,77140e+002  2,50000e+001  2,05834e+004  1,07956e+003  2,06117e+004  5,24480e-002  4,84496e-005  2,54109e-006  4,85162e-005
            13  2,20288e+001  2,56000e+002  6,50100e+001  1,01090e+000  1,43003e+002  6,83885e-002  1,50541e+000  6,77834e+002  2,50000e+001  2,04009e+004  1,07214e+003  2,04290e+004  5,25539e-002  4,88825e-005  2,56896e-006  4,89500e-005
            14  2,20261e+001  2,68000e+002  7,00100e+001  9,95388e-001  1,42151e+002  6,99838e-002  1,50608e+000  6,78470e+002  2,50000e+001  2,02010e+004  1,06899e+003  2,02292e+004  5,29176e-002  4,93644e-005  2,61224e-006  4,94335e-005
            15  2,19946e+001  2,82000e+002  7,50100e+001  9,90829e-001  1,42977e+002  7,15775e-002  1,50477e+000  6,78964e+002  2,50000e+001  1,99846e+004  1,06478e+003  2,00129e+004  5,32799e-002  4,98969e-005  2,65850e-006  4,99677e-005
            16  2,19679e+001  2,95000e+002  8,00100e+001  9,91203e-001  1,44931e+002  7,39511e-002  1,50354e+000  6,79194e+002  2,50000e+001  1,97135e+004  1,07294e+003  1,97427e+004  5,44265e-002  5,05767e-005  2,75271e-006  5,06516e-005
            17  2,19572e+001  3,06000e+002  8,50100e+001  9,86714e-001  1,45872e+002  7,66524e-002  1,50361e+000  6,79017e+002  2,50000e+001  1,94880e+004  1,08945e+003  1,95185e+004  5,59033e-002  5,11537e-005  2,85966e-006  5,12335e-005
            18  2,19653e+001  3,16000e+002  9,00100e+001  9,82789e-001  1,46853e+002  7,99572e-002  1,50418e+000  6,78674e+002  2,50000e+001  1,92702e+004  1,11743e+003  1,93026e+004  5,79877e-002  5,17197e-005  2,99911e-006  5,18066e-005
            19  2,19992e+001  3,28000e+002  9,50100e+001  9,81693e-001  1,48378e+002  8,18596e-002  1,50507e+000  6,78279e+002  2,50000e+001  1,90413e+004  1,11700e+003  1,90741e+004  5,86617e-002  5,23373e-005  3,07019e-006  5,24272e-005
            20  2,20283e+001  3,40000e+002  1,00010e+002  9,84358e-001  1,50606e+002  8,30057e-002  1,50780e+000  6,77989e+002  2,50000e+001  1,88016e+004  1,10130e+003  1,88338e+004  5,85750e-002  5,30052e-005  3,10478e-006  5,30961e-005
£CFRP_1N_1
