         Index            Ts             t             f             F             x         Phase            F0            x0            Tr            M'            M"            M*     tan_delta            C'            C"            C*
           [#]          [°C]           [s]          [Hz]           [N]          [um]         [rad]           [N]          [um]          [°C]         [MPa]         [MPa]         [MPa]            []       [1/MPa]       [1/MPa]       [1/MPa]
             0  2,19685e+001  5,50000e+001  9,99998e-003  4,05000e-001  8,82533e+001  1,02336e-002  3,45000e-001  4,87735e+002  2,50000e+001  1,32740e+004  1,30747e+002  1,32746e+004  9,84988e-003  7,53280e-005  7,41971e-007  7,53316e-005
             1  2,19237e+001  1,45000e+002  5,01000e+000  2,64765e-001  3,93786e+001  1,11795e-001  1,04813e+000  6,05844e+002  2,50000e+001  1,93459e+004  2,15351e+003  1,94654e+004  1,11316e-001  5,10578e-005  5,68355e-006  5,13732e-005
             2  2,18792e+001  1,69000e+002  1,00100e+001  6,37161e-001  8,41524e+001  1,45590e-001  1,24771e+000  6,40889e+002  2,50000e+001  2,17012e+004  3,13697e+003  2,19267e+004  1,44553e-001  4,51373e-005  6,52473e-006  4,56064e-005
             3  2,18763e+001  1,78000e+002  1,50100e+001  2,69788e-001  3,57819e+001  1,13230e-001  1,31493e+000  6,49190e+002  2,50000e+001  2,17020e+004  2,39386e+003  2,18336e+004  1,10306e-001  4,55248e-005  5,02167e-006  4,58009e-005
             4  2,18672e+001  1,83000e+002  2,00100e+001  1,00588e+000  1,34723e+002  6,93042e-002  1,36619e+000  6,56037e+002  2,50000e+001  2,15736e+004  1,39479e+003  2,16187e+004  6,46525e-002  4,61600e-005  2,98436e-006  4,62563e-005
             5  2,18694e+001  1,90000e+002  2,50100e+001  7,16148e-001  9,59630e+001  7,41297e-002  1,45751e+000  6,70305e+002  2,50000e+001  2,15559e+004  1,47165e+003  2,16061e+004  6,82712e-002  4,61758e-005  3,15248e-006  4,62832e-005
             6  2,18748e+001  1,95000e+002  3,00100e+001  1,01003e+000  1,35057e+002  6,37559e-002  1,49485e+000  6,76296e+002  2,50000e+001  2,16148e+004  1,22304e+003  2,16493e+004  5,65838e-002  4,61170e-005  2,60947e-006  4,61908e-005
             7  2,18655e+001  2,01000e+002  3,50100e+001  1,00643e+000  1,36334e+002  6,23593e-002  1,49746e+000  6,75095e+002  2,50000e+001  2,13348e+004  1,15071e+003  2,13658e+004  5,39358e-002  4,67358e-005  2,52073e-006  4,68038e-005
             8  2,18744e+001  2,04000e+002  4,00100e+001  1,00677e+000  1,37283e+002  6,48315e-002  1,49858e+000  6,74157e+002  2,50000e+001  2,11891e+004  1,16924e+003  2,12213e+004  5,51811e-002  4,70508e-005  2,59632e-006  4,71224e-005
             9  2,18776e+001  2,13000e+002  4,50100e+001  9,98307e-001  1,37013e+002  6,69072e-002  1,49954e+000  6,74106e+002  2,50000e+001  2,10468e+004  1,17921e+003  2,10798e+004  5,60279e-002  4,73644e-005  2,65373e-006  4,74387e-005
            10  2,18842e+001  2,16000e+002  5,00100e+001  1,02079e+000  1,40998e+002  6,92058e-002  1,50052e+000  6,74890e+002  2,50000e+001  2,09063e+004  1,19373e+003  2,09404e+004  5,70992e-002  4,76770e-005  2,72232e-006  4,77547e-005
            11  2,18768e+001  2,26000e+002  5,50100e+001  1,01668e+000  1,41386e+002  7,20703e-002  1,50277e+000  6,75742e+002  2,50000e+001  2,07576e+004  1,21930e+003  2,07934e+004  5,87400e-002  4,80095e-005  2,82008e-006  4,80922e-005
            12  2,18750e+001  2,31000e+002  6,00100e+001  9,96522e-001  1,39637e+002  7,51340e-002  1,50410e+000  6,76410e+002  2,50000e+001  2,05927e+004  1,24754e+003  2,06305e+004  6,05818e-002  4,83833e-005  2,93115e-006  4,84720e-005
            13  2,20059e+001  2,44000e+002  6,50100e+001  9,99298e-001  1,41204e+002  7,69911e-002  1,50462e+000  6,77137e+002  2,50000e+001  2,04136e+004  1,24950e+003  2,04518e+004  6,12092e-002  4,88040e-005  2,98726e-006  4,88954e-005
            14  2,19820e+001  2,55000e+002  7,00100e+001  9,89653e-001  1,41135e+002  7,83934e-002  1,50340e+000  6,77786e+002  2,50000e+001  2,02195e+004  1,24105e+003  2,02575e+004  6,13789e-002  4,92717e-005  3,02424e-006  4,93644e-005
            15  2,19629e+001  2,64000e+002  7,50100e+001  9,74329e-001  1,40292e+002  7,92879e-002  1,50163e+000  6,78252e+002  2,50000e+001  2,00191e+004  1,22192e+003  2,00564e+004  6,10377e-002  4,97668e-005  3,03765e-006  4,98595e-005
            16  2,19398e+001  2,76000e+002  8,00100e+001  9,87801e-001  1,44028e+002  7,96982e-002  1,50096e+000  6,78730e+002  2,50000e+001  1,97627e+004  1,18989e+003  1,97985e+004  6,02089e-002  5,04177e-005  3,03559e-006  5,05090e-005
            17  2,19353e+001  2,86000e+002  8,50100e+001  9,92277e-001  1,46262e+002  8,10695e-002  1,50049e+000  6,78617e+002  2,50000e+001  1,95408e+004  1,17925e+003  1,95763e+004  6,03480e-002  5,09893e-005  3,07710e-006  5,10821e-005
            18  2,19213e+001  3,00000e+002  9,00100e+001  9,70437e-001  1,44577e+002  8,34223e-002  1,50002e+000  6,78256e+002  2,50000e+001  1,93237e+004  1,18792e+003  1,93602e+004  6,14751e-002  5,15552e-005  3,16936e-006  5,16525e-005
            19  2,19189e+001  3,03000e+002  9,50100e+001  9,81316e-001  1,47888e+002  8,48544e-002  1,49968e+000  6,78226e+002  2,50000e+001  1,90937e+004  1,17762e+003  1,91300e+004  6,16758e-002  5,21748e-005  3,21792e-006  5,22739e-005
            20  2,19592e+001  3,24000e+002  1,00010e+002  9,91350e-001  1,51287e+002  8,45391e-002  1,50186e+000  6,78566e+002  2,50000e+001  1,88482e+004  1,13312e+003  1,88823e+004  6,01182e-002  5,28643e-005  3,17811e-006  5,29598e-005
£CFRP_1N_1
